TITLE = "Bivariate normal distribution density"
VARIABLES = "x", "y", "T"
ZONE T = "Numerical", I = 100, J = 100, F = Point
0 0 0
0 1 0
0 2 0
0 3 0
0 4 0
0 5 0
0 6 0
0 7 0
0 8 0
0 9 0
0 10 0
0 11 0
0 12 0
0 13 0
0 14 0
0 15 0
0 16 0
0 17 0
0 18 0
0 19 0
0 20 0
0 21 0
0 22 0
0 23 0
0 24 0
0 25 0
0 26 0
0 27 0
0 28 0
0 29 0
0 30 0
0 31 0
0 32 0
0 33 0
0 34 0
0 35 0
0 36 0
0 37 0
0 38 0
0 39 0
0 40 0
0 41 0
0 42 0
0 43 0
0 44 0
0 45 0
0 46 0
0 47 0
0 48 0
0 49 0
0 50 0
0 51 0
0 52 0
0 53 0
0 54 0
0 55 0
0 56 0
0 57 0
0 58 0
0 59 0
0 60 0
0 61 0
0 62 0
0 63 0
0 64 0
0 65 0
0 66 0
0 67 0
0 68 0
0 69 0
0 70 0
0 71 0
0 72 0
0 73 0
0 74 0
0 75 0
0 76 0
0 77 0
0 78 0
0 79 0
0 80 0
0 81 0
0 82 0
0 83 0
0 84 0
0 85 0
0 86 0
0 87 0
0 88 0
0 89 0
0 90 0
0 91 0
0 92 0
0 93 0
0 94 0
0 95 0
0 96 0
0 97 0
0 98 0
0 99 0
1 0 0
1 1 0.000956302
1 2 0.00191164
1 3 0.00286506
1 4 0.00381559
1 5 0.00476229
1 6 0.0057042
1 7 0.00664037
1 8 0.00756986
1 9 0.00849173
1 10 0.00940506
1 11 0.0103089
1 12 0.0112024
1 13 0.0120847
1 14 0.0129548
1 15 0.0138118
1 16 0.014655
1 17 0.0154834
1 18 0.0162962
1 19 0.0170927
1 20 0.0178719
1 21 0.0186332
1 22 0.0193757
1 23 0.0200988
1 24 0.0208016
1 25 0.0214835
1 26 0.0221438
1 27 0.0227818
1 28 0.0233969
1 29 0.0239885
1 30 0.0245559
1 31 0.0250986
1 32 0.0256161
1 33 0.0261078
1 34 0.0265733
1 35 0.027012
1 36 0.0274236
1 37 0.0278076
1 38 0.0281636
1 39 0.0284912
1 40 0.0287902
1 41 0.0290603
1 42 0.0293011
1 43 0.0295125
1 44 0.0296941
1 45 0.0298459
1 46 0.0299677
1 47 0.0300593
1 48 0.0301207
1 49 0.0301518
1 50 0.0301526
1 51 0.030123
1 52 0.0300631
1 53 0.029973
1 54 0.0298528
1 55 0.0297025
1 56 0.0295223
1 57 0.0293124
1 58 0.0290731
1 59 0.0288045
1 60 0.0285069
1 61 0.0281807
1 62 0.0278261
1 63 0.0274435
1 64 0.0270333
1 65 0.026596
1 66 0.0261318
1 67 0.0256414
1 68 0.0251252
1 69 0.0245837
1 70 0.0240175
1 71 0.0234272
1 72 0.0228132
1 73 0.0221763
1 74 0.0215171
1 75 0.0208363
1 76 0.0201345
1 77 0.0194124
1 78 0.0186708
1 79 0.0179103
1 80 0.0171318
1 81 0.0163361
1 82 0.0155238
1 83 0.0146957
1 84 0.0138528
1 85 0.0129958
1 86 0.0121254
1 87 0.0112426
1 88 0.0103482
1 89 0.00944296
1 90 0.00852785
1 91 0.00760371
1 92 0.00667147
1 93 0.00573203
1 94 0.00478638
1 95 0.00383548
1 96 0.00288035
1 97 0.00192202
1 98 0.000961547
1 99 0
2 0 0
2 1 0.00191164
2 2 0.00382136
2 3 0.00572724
2 4 0.00762735
2 5 0.00951979
2 6 0.0114027
2 7 0.0132741
2 8 0.0151321
2 9 0.0169749
2 10 0.0188007
2 11 0.0206075
2 12 0.0223936
2 13 0.0241572
2 14 0.0258965
2 15 0.0276097
2 16 0.0292952
2 17 0.0309512
2 18 0.032576
2 19 0.0341681
2 20 0.0357258
2 21 0.0372476
2 22 0.0387319
2 23 0.0401773
2 24 0.0415822
2 25 0.0429454
2 26 0.0442653
2 27 0.0455407
2 28 0.0467702
2 29 0.0479528
2 30 0.0490871
2 31 0.050172
2 32 0.0512065
2 33 0.0521894
2 34 0.0531199
2 35 0.0539969
2 36 0.0548196
2 37 0.0555871
2 38 0.0562988
2 39 0.0569538
2 40 0.0575515
2 41 0.0580914
2 42 0.0585728
2 43 0.0589952
2 44 0.0593584
2 45 0.0596618
2 46 0.0599052
2 47 0.0600884
2 48 0.0602111
2 49 0.0602733
2 50 0.0602748
2 51 0.0602157
2 52 0.060096
2 53 0.0599159
2 54 0.0596755
2 55 0.059375
2 56 0.0590149
2 57 0.0585954
2 58 0.0581169
2 59 0.05758
2 60 0.0569852
2 61 0.056333
2 62 0.0556242
2 63 0.0548594
2 64 0.0540395
2 65 0.0531652
2 66 0.0522374
2 67 0.0512571
2 68 0.0502252
2 69 0.0491427
2 70 0.0480109
2 71 0.0468307
2 72 0.0456035
2 73 0.0443304
2 74 0.0430126
2 75 0.0416516
2 76 0.0402487
2 77 0.0388053
2 78 0.0373228
2 79 0.0358027
2 80 0.0342465
2 81 0.0326557
2 82 0.0310319
2 83 0.0293767
2 84 0.0276917
2 85 0.0259784
2 86 0.0242386
2 87 0.0224739
2 88 0.0206859
2 89 0.0188764
2 90 0.0170471
2 91 0.0151998
2 92 0.0133362
2 93 0.0114583
2 94 0.00956794
2 95 0.0076671
2 96 0.0057578
2 97 0.0038421
2 98 0.00192213
2 99 0
3 0 0
3 1 0.00286506
3 2 0.00572724
3 3 0.00858365
3 4 0.0114314
3 5 0.0142677
3 6 0.0170896
3 7 0.0198944
3 8 0.0226791
3 9 0.025441
3 10 0.0281774
3 11 0.0308853
3 12 0.0335623
3 13 0.0362054
3 14 0.0388121
3 15 0.0413798
3 16 0.0439059
3 17 0.0463878
3 18 0.0488231
3 19 0.0512092
3 20 0.0535438
3 21 0.0558246
3 22 0.0580492
3 23 0.0602154
3 24 0.0623211
3 25 0.064364
3 26 0.0663422
3 27 0.0682537
3 28 0.0700965
3 29 0.0718689
3 30 0.0735689
3 31 0.0751949
3 32 0.0767453
3 33 0.0782185
3 34 0.079613
3 35 0.0809274
3 36 0.0821604
3 37 0.0833108
3 38 0.0843774
3 39 0.0853591
3 40 0.0862549
3 41 0.087064
3 42 0.0877855
3 43 0.0884187
3 44 0.0889629
3 45 0.0894177
3 46 0.0897825
3 47 0.090057
3 48 0.090241
3 49 0.0903341
3 50 0.0903364
3 51 0.0902478
3 52 0.0900684
3 53 0.0897985
3 54 0.0894382
3 55 0.0889879
3 56 0.0884481
3 57 0.0878194
3 58 0.0871023
3 59 0.0862976
3 60 0.0854061
3 61 0.0844287
3 62 0.0833664
3 63 0.0822202
3 64 0.0809913
3 65 0.0796809
3 66 0.0782904
3 67 0.0768211
3 68 0.0752746
3 69 0.0736523
3 70 0.071956
3 71 0.0701872
3 72 0.0683479
3 73 0.0664398
3 74 0.0644649
3 75 0.0624251
3 76 0.0603224
3 77 0.0581591
3 78 0.0559372
3 79 0.053659
3 80 0.0513266
3 81 0.0489425
3 82 0.0465088
3 83 0.0440281
3 84 0.0415027
3 85 0.038935
3 86 0.0363275
3 87 0.0336826
3 88 0.0310029
3 89 0.0282909
3 90 0.0255492
3 91 0.0227806
3 92 0.0199876
3 93 0.017173
3 94 0.0143399
3 95 0.011491
3 96 0.00862945
3 97 0.00575833
3 98 0.00288077
3 99 0
4 0 0
4 1 0.00381559
4 2 0.00762735
4 3 0.0114314
4 4 0.015224
4 5 0.0190013
4 6 0.0227594
4 7 0.0264947
4 8 0.0302033
4 9 0.0338816
4 10 0.0375257
4 11 0.0411321
4 12 0.0446971
4 13 0.0482172
4 14 0.0516888
4 15 0.0551084
4 16 0.0584725
4 17 0.0617778
4 18 0.065021
4 19 0.0681988
4 20 0.071308
4 21 0.0743454
4 22 0.0773081
4 23 0.080193
4 24 0.0829972
4 25 0.085718
4 26 0.0883525
4 27 0.0908981
4 28 0.0933523
4 29 0.0957127
4 30 0.0979767
4 31 0.100142
4 32 0.102207
4 33 0.104169
4 34 0.106026
4 35 0.107777
4 36 0.109419
4 37 0.110951
4 38 0.112371
4 39 0.113679
4 40 0.114872
4 41 0.115949
4 42 0.11691
4 43 0.117753
4 44 0.118478
4 45 0.119084
4 46 0.119569
4 47 0.119935
4 48 0.12018
4 49 0.120304
4 50 0.120307
4 51 0.120189
4 52 0.11995
4 53 0.119591
4 54 0.119111
4 55 0.118511
4 56 0.117792
4 57 0.116955
4 58 0.116
4 59 0.114928
4 60 0.113741
4 61 0.112439
4 62 0.111025
4 63 0.109498
4 64 0.107862
4 65 0.106116
4 66 0.104265
4 67 0.102308
4 68 0.100248
4 69 0.0980878
4 70 0.0958287
4 71 0.0934731
4 72 0.0910235
4 73 0.0884824
4 74 0.0858522
4 75 0.0831357
4 76 0.0803355
4 77 0.0774544
4 78 0.0744954
4 79 0.0714613
4 80 0.0683552
4 81 0.06518
4 82 0.061939
4 83 0.0586353
4 84 0.055272
4 85 0.0518524
4 86 0.0483798
4 87 0.0448574
4 88 0.0412886
4 89 0.0376769
4 90 0.0340257
4 91 0.0303384
4 92 0.0266188
4 93 0.0228705
4 94 0.0190974
4 95 0.0153034
4 96 0.0114924
4 97 0.00766875
4 98 0.00383652
4 99 0
5 0 0
5 1 0.00476229
5 2 0.00951979
5 3 0.0142677
5 4 0.0190013
5 5 0.0237158
5 6 0.0284064
5 7 0.0330684
5 8 0.0376972
5 9 0.042288
5 10 0.0468363
5 11 0.0513375
5 12 0.0557871
5 13 0.0601805
5 14 0.0645134
5 15 0.0687814
5 16 0.0729803
5 17 0.0771057
5 18 0.0811535
5 19 0.0851198
5 20 0.0890004
5 21 0.0927914
5 22 0.0964892
5 23 0.10009
5 24 0.10359
5 25 0.106986
5 26 0.110274
5 27 0.113451
5 28 0.116514
5 29 0.11946
5 30 0.122286
5 31 0.124989
5 32 0.127566
5 33 0.130014
5 34 0.132332
5 35 0.134517
5 36 0.136567
5 37 0.138479
5 38 0.140252
5 39 0.141884
5 40 0.143373
5 41 0.144717
5 42 0.145917
5 43 0.146969
5 44 0.147874
5 45 0.14863
5 46 0.149236
5 47 0.149692
5 48 0.149998
5 49 0.150153
5 50 0.150157
5 51 0.15001
5 52 0.149711
5 53 0.149263
5 54 0.148664
5 55 0.147915
5 56 0.147018
5 57 0.145973
5 58 0.144781
5 59 0.143444
5 60 0.141962
5 61 0.140337
5 62 0.138571
5 63 0.136666
5 64 0.134623
5 65 0.132445
5 66 0.130134
5 67 0.127692
5 68 0.125121
5 69 0.122425
5 70 0.119605
5 71 0.116665
5 72 0.113608
5 73 0.110436
5 74 0.107153
5 75 0.103763
5 76 0.100268
5 77 0.0966719
5 78 0.0929786
5 79 0.0891917
5 80 0.0853149
5 81 0.081352
5 82 0.0773068
5 83 0.0731834
5 84 0.0689856
5 85 0.0647176
5 86 0.0603834
5 87 0.0559871
5 88 0.0515329
5 89 0.047025
5 90 0.0424679
5 91 0.0378658
5 92 0.0332233
5 93 0.028545
5 94 0.0238357
5 95 0.0191003
5 96 0.0143438
5 97 0.00957147
5 98 0.00478841
5 99 0
6 0 0
6 1 0.0057042
6 2 0.0114027
6 3 0.0170896
6 4 0.0227594
6 5 0.0284064
6 6 0.0340247
6 7 0.0396088
6 8 0.0451531
6 9 0.0506519
6 10 0.0560998
6 11 0.0614913
6 12 0.0668209
6 13 0.0720833
6 14 0.0772732
6 15 0.0823853
6 16 0.0874146
6 17 0.092356
6 18 0.0972044
6 19 0.101955
6 20 0.106603
6 21 0.111144
6 22 0.115573
6 23 0.119886
6 24 0.124078
6 25 0.128146
6 26 0.132084
6 27 0.13589
6 28 0.139559
6 29 0.143088
6 30 0.146472
6 31 0.14971
6 32 0.152796
6 33 0.155729
6 34 0.158506
6 35 0.161123
6 36 0.163578
6 37 0.165868
6 38 0.167991
6 39 0.169946
6 40 0.171729
6 41 0.17334
6 42 0.174777
6 43 0.176037
6 44 0.177121
6 45 0.178026
6 46 0.178753
6 47 0.179299
6 48 0.179665
6 49 0.179851
6 50 0.179855
6 51 0.179679
6 52 0.179322
6 53 0.178785
6 54 0.178067
6 55 0.177171
6 56 0.176096
6 57 0.174844
6 58 0.173417
6 59 0.171815
6 60 0.17004
6 61 0.168094
6 62 0.165979
6 63 0.163697
6 64 0.16125
6 65 0.158641
6 66 0.155872
6 67 0.152947
6 68 0.149868
6 69 0.146638
6 70 0.143261
6 71 0.139739
6 72 0.136077
6 73 0.132279
6 74 0.128347
6 75 0.124285
6 76 0.120099
6 77 0.115792
6 78 0.111368
6 79 0.106832
6 80 0.102189
6 81 0.0974422
6 82 0.0925969
6 83 0.0876579
6 84 0.0826299
6 85 0.0775177
6 86 0.0723263
6 87 0.0670604
6 88 0.0617253
6 89 0.0563259
6 90 0.0508673
6 91 0.045355
6 92 0.0397943
6 93 0.0341907
6 94 0.02855
6 95 0.0228781
6 96 0.0171808
6 97 0.0114646
6 98 0.00573548
6 99 0
7 0 0
7 1 0.00664037
7 2 0.0132741
7 3 0.0198944
7 4 0.0264947
7 5 0.0330684
7 6 0.0396088
7 7 0.0461094
7 8 0.0525635
7 9 0.0589649
7 10 0.0653069
7 11 0.0715832
7 12 0.0777875
7 13 0.0839135
7 14 0.0899552
7 15 0.0959063
7 16 0.101761
7 17 0.107513
7 18 0.113158
7 19 0.118688
7 20 0.124099
7 21 0.129385
7 22 0.134541
7 23 0.139562
7 24 0.144442
7 25 0.149177
7 26 0.153762
7 27 0.158192
7 28 0.162463
7 29 0.166571
7 30 0.170511
7 31 0.17428
7 32 0.177873
7 33 0.181288
7 34 0.18452
7 35 0.187566
7 36 0.190424
7 37 0.19309
7 38 0.195562
7 39 0.197837
7 40 0.199914
7 41 0.201789
7 42 0.203461
7 43 0.204929
7 44 0.20619
7 45 0.207244
7 46 0.20809
7 47 0.208726
7 48 0.209152
7 49 0.209368
7 50 0.209373
7 51 0.209168
7 52 0.208752
7 53 0.208127
7 54 0.207291
7 55 0.206248
7 56 0.204997
7 57 0.20354
7 58 0.201878
7 59 0.200013
7 60 0.197946
7 61 0.195681
7 62 0.193219
7 63 0.190562
7 64 0.187714
7 65 0.184677
7 66 0.181454
7 67 0.178049
7 68 0.174464
7 69 0.170704
7 70 0.166773
7 71 0.162673
7 72 0.15841
7 73 0.153988
7 74 0.149411
7 75 0.144683
7 76 0.13981
7 77 0.134796
7 78 0.129646
7 79 0.124366
7 80 0.11896
7 81 0.113434
7 82 0.107794
7 83 0.102044
7 84 0.0961911
7 85 0.0902399
7 86 0.0841964
7 87 0.0780664
7 88 0.0718556
7 89 0.06557
7 90 0.0592156
7 91 0.0527986
7 92 0.0463253
7 93 0.0398021
7 94 0.0332356
7 95 0.0266328
7 96 0.0200005
7 97 0.0133461
7 98 0.00667679
7 99 0
8 0 0
8 1 0.00756986
8 2 0.0151321
8 3 0.0226791
8 4 0.0302033
8 5 0.0376972
8 6 0.0451531
8 7 0.0525635
8 8 0.0599212
8 9 0.0672185
8 10 0.0744482
8 11 0.0816031
8 12 0.0886758
8 13 0.0956594
8 14 0.102547
8 15 0.109331
8 16 0.116005
8 17 0.122563
8 18 0.128997
8 19 0.135301
8 20 0.14147
8 21 0.147496
8 22 0.153373
8 23 0.159097
8 24 0.16466
8 25 0.170058
8 26 0.175285
8 27 0.180335
8 28 0.185204
8 29 0.189887
8 30 0.194379
8 31 0.198675
8 32 0.202771
8 33 0.206663
8 34 0.210348
8 35 0.213821
8 36 0.217078
8 37 0.220118
8 38 0.222936
8 39 0.22553
8 40 0.227897
8 41 0.230034
8 42 0.231941
8 43 0.233614
8 44 0.235052
8 45 0.236253
8 46 0.237217
8 47 0.237942
8 48 0.238428
8 49 0.238674
8 50 0.23868
8 51 0.238446
8 52 0.237972
8 53 0.237259
8 54 0.236307
8 55 0.235118
8 56 0.233691
8 57 0.23203
8 58 0.230136
8 59 0.228009
8 60 0.225654
8 61 0.223072
8 62 0.220265
8 63 0.217236
8 64 0.213989
8 65 0.210527
8 66 0.206853
8 67 0.202971
8 68 0.198885
8 69 0.194599
8 70 0.190117
8 71 0.185444
8 72 0.180584
8 73 0.175543
8 74 0.170324
8 75 0.164935
8 76 0.15938
8 77 0.153664
8 78 0.147793
8 79 0.141774
8 80 0.135612
8 81 0.129312
8 82 0.122882
8 83 0.116328
8 84 0.109655
8 85 0.102871
8 86 0.0959818
8 87 0.0889937
8 88 0.0819136
8 89 0.0747482
8 90 0.0675044
8 91 0.0601892
8 92 0.0528097
8 93 0.0453734
8 94 0.0378878
8 95 0.0303607
8 96 0.0228001
8 97 0.0152142
8 98 0.00761138
8 99 0
9 0 0
9 1 0.00849173
9 2 0.0169749
9 3 0.025441
9 4 0.0338816
9 5 0.042288
9 6 0.0506519
9 7 0.0589649
9 8 0.0672185
9 9 0.0754045
9 10 0.0835147
9 11 0.0915409
9 12 0.099475
9 13 0.107309
9 14 0.115035
9 15 0.122645
9 16 0.130132
9 17 0.137489
9 18 0.144706
9 19 0.151779
9 20 0.158698
9 21 0.165458
9 22 0.172052
9 23 0.178472
9 24 0.184713
9 25 0.190768
9 26 0.196631
9 27 0.202297
9 28 0.207759
9 29 0.213012
9 30 0.21805
9 31 0.22287
9 32 0.227465
9 33 0.231831
9 34 0.235964
9 35 0.23986
9 36 0.243515
9 37 0.246924
9 38 0.250086
9 39 0.252995
9 40 0.25565
9 41 0.258048
9 42 0.260187
9 43 0.262064
9 44 0.263677
9 45 0.265025
9 46 0.266106
9 47 0.266919
9 48 0.267465
9 49 0.267741
9 50 0.267747
9 51 0.267485
9 52 0.266953
9 53 0.266153
9 54 0.265085
9 55 0.263751
9 56 0.262151
9 57 0.260287
9 58 0.258162
9 59 0.255777
9 60 0.253135
9 61 0.250238
9 62 0.247089
9 63 0.243692
9 64 0.24005
9 65 0.236166
9 66 0.232044
9 67 0.22769
9 68 0.223106
9 69 0.218298
9 70 0.21327
9 71 0.208028
9 72 0.202576
9 73 0.196921
9 74 0.191067
9 75 0.185021
9 76 0.178789
9 77 0.172377
9 78 0.165792
9 79 0.159039
9 80 0.152127
9 81 0.14506
9 82 0.137847
9 83 0.130495
9 84 0.12301
9 85 0.115399
9 86 0.107671
9 87 0.0998316
9 88 0.0918893
9 89 0.0838512
9 90 0.0757252
9 91 0.0675191
9 92 0.059241
9 93 0.0508991
9 94 0.0425019
9 95 0.0340581
9 96 0.0255768
9 97 0.0170671
9 98 0.00853831
9 99 0
10 0 0
10 1 0.00940506
10 2 0.0188007
10 3 0.0281774
10 4 0.0375257
10 5 0.0468363
10 6 0.0560998
10 7 0.0653069
10 8 0.0744482
10 9 0.0835147
10 10 0.0924972
10 11 0.101387
10 12 0.110174
10 13 0.118851
10 14 0.127408
10 15 0.135837
10 16 0.144129
10 17 0.152276
10 18 0.16027
10 19 0.168103
10 20 0.175767
10 21 0.183254
10 22 0.190557
10 23 0.197668
10 24 0.20458
10 25 0.211286
10 26 0.21778
10 27 0.224055
10 28 0.230104
10 29 0.235922
10 30 0.241503
10 31 0.246841
10 32 0.25193
10 33 0.256766
10 34 0.261344
10 35 0.265659
10 36 0.269706
10 37 0.273483
10 38 0.276984
10 39 0.280206
10 40 0.283147
10 41 0.285803
10 42 0.288171
10 43 0.29025
10 44 0.292037
10 45 0.293529
10 46 0.294727
10 47 0.295628
10 48 0.296232
10 49 0.296538
10 50 0.296545
10 51 0.296254
10 52 0.295666
10 53 0.294779
10 54 0.293597
10 55 0.292119
10 56 0.290347
10 57 0.288283
10 58 0.285929
10 59 0.283287
10 60 0.280361
10 61 0.277152
10 62 0.273665
10 63 0.269902
10 64 0.265868
10 65 0.261567
10 66 0.257002
10 67 0.252179
10 68 0.247102
10 69 0.241777
10 70 0.236208
10 71 0.230402
10 72 0.224364
10 73 0.2181
10 74 0.211617
10 75 0.204921
10 76 0.198019
10 77 0.190918
10 78 0.183624
10 79 0.176145
10 80 0.168489
10 81 0.160662
10 82 0.152674
10 83 0.14453
10 84 0.13624
10 85 0.127811
10 86 0.119251
10 87 0.110569
10 88 0.101772
10 89 0.0928699
10 90 0.0838699
10 91 0.0747812
10 92 0.0656127
10 93 0.0563736
10 94 0.0470732
10 95 0.0377213
10 96 0.0283277
10 97 0.0189027
10 98 0.00945665
10 99 0
11 0 0
11 1 0.0103089
11 2 0.0206075
11 3 0.0308853
11 4 0.0411321
11 5 0.0513375
11 6 0.0614913
11 7 0.0715832
11 8 0.0816031
11 9 0.0915409
11 10 0.101387
11 11 0.11113
11 12 0.120762
11 13 0.130273
11 14 0.139652
11 15 0.148891
11 16 0.15798
11 17 0.166911
11 18 0.175673
11 19 0.184259
11 20 0.192659
11 21 0.200866
11 22 0.20887
11 23 0.216665
11 24 0.224241
11 25 0.231592
11 26 0.23871
11 27 0.245588
11 28 0.252218
11 29 0.258596
11 30 0.264713
11 31 0.270563
11 32 0.276142
11 33 0.281443
11 34 0.28646
11 35 0.29119
11 36 0.295626
11 37 0.299766
11 38 0.303603
11 39 0.307136
11 40 0.310359
11 41 0.31327
11 42 0.315866
11 43 0.318144
11 44 0.320103
11 45 0.321739
11 46 0.323052
11 47 0.324039
11 48 0.324701
11 49 0.325036
11 50 0.325045
11 51 0.324726
11 52 0.32408
11 53 0.323109
11 54 0.321813
11 55 0.320193
11 56 0.31825
11 57 0.315988
11 58 0.313408
11 59 0.310513
11 60 0.307305
11 61 0.303788
11 62 0.299965
11 63 0.295841
11 64 0.291419
11 65 0.286705
11 66 0.281701
11 67 0.276415
11 68 0.27085
11 69 0.265013
11 70 0.258909
11 71 0.252545
11 72 0.245927
11 73 0.239061
11 74 0.231955
11 75 0.224615
11 76 0.21705
11 77 0.209266
11 78 0.201271
11 79 0.193073
11 80 0.184681
11 81 0.176103
11 82 0.167346
11 83 0.15842
11 84 0.149333
11 85 0.140094
11 86 0.130712
11 87 0.121195
11 88 0.111553
11 89 0.101795
11 90 0.0919302
11 91 0.081968
11 92 0.0719184
11 93 0.0617913
11 94 0.0515972
11 95 0.0413465
11 96 0.0310501
11 97 0.0207194
11 98 0.0103655
11 99 0
12 0 0
12 1 0.0112024
12 2 0.0223936
12 3 0.0335623
12 4 0.0446971
12 5 0.0557871
12 6 0.0668209
12 7 0.0777875
12 8 0.0886758
12 9 0.099475
12 10 0.110174
12 11 0.120762
12 12 0.131229
12 13 0.141564
12 14 0.151756
12 15 0.161796
12 16 0.171673
12 17 0.181377
12 18 0.190899
12 19 0.200229
12 20 0.209357
12 21 0.218275
12 22 0.226974
12 23 0.235444
12 24 0.243677
12 25 0.251665
12 26 0.2594
12 27 0.266873
12 28 0.274079
12 29 0.281009
12 30 0.287656
12 31 0.294014
12 32 0.300076
12 33 0.305836
12 34 0.311288
12 35 0.316428
12 36 0.321249
12 37 0.325747
12 38 0.329917
12 39 0.333756
12 40 0.337259
12 41 0.340422
12 42 0.343243
12 43 0.345719
12 44 0.347847
12 45 0.349625
12 46 0.351051
12 47 0.352125
12 48 0.352844
12 49 0.353208
12 50 0.353217
12 51 0.352871
12 52 0.352169
12 53 0.351114
12 54 0.349705
12 55 0.347945
12 56 0.345834
12 57 0.343376
12 58 0.340572
12 59 0.337425
12 60 0.33394
12 61 0.330118
12 62 0.325964
12 63 0.321483
12 64 0.316678
12 65 0.311554
12 66 0.306117
12 67 0.300372
12 68 0.294325
12 69 0.287982
12 70 0.281349
12 71 0.274434
12 72 0.267242
12 73 0.259781
12 74 0.252059
12 75 0.244083
12 76 0.235862
12 77 0.227403
12 78 0.218716
12 79 0.209808
12 80 0.200688
12 81 0.191366
12 82 0.181851
12 83 0.172151
12 84 0.162276
12 85 0.152237
12 86 0.142041
12 87 0.1317
12 88 0.121222
12 89 0.110618
12 90 0.0998981
12 91 0.0890724
12 92 0.0781518
12 93 0.067147
12 94 0.0560692
12 95 0.0449301
12 96 0.0337413
12 97 0.0225152
12 98 0.0112639
12 99 0
13 0 0
13 1 0.0120847
13 2 0.0241572
13 3 0.0362054
13 4 0.0482172
13 5 0.0601805
13 6 0.0720833
13 7 0.0839135
13 8 0.0956594
13 9 0.107309
13 10 0.118851
13 11 0.130273
13 12 0.141564
13 13 0.152713
13 14 0.163708
13 15 0.174538
13 16 0.185193
13 17 0.195661
13 18 0.205933
13 19 0.215998
13 20 0.225845
13 21 0.235465
13 22 0.244849
13 23 0.253986
13 24 0.262867
13 25 0.271484
13 26 0.279828
13 27 0.287891
13 28 0.295664
13 29 0.303139
13 30 0.31031
13 31 0.317168
13 32 0.323708
13 33 0.329922
13 34 0.335804
13 35 0.341348
13 36 0.346549
13 37 0.351401
13 38 0.3559
13 39 0.36004
13 40 0.363819
13 41 0.367232
13 42 0.370275
13 43 0.372946
13 44 0.375241
13 45 0.377159
13 46 0.378698
13 47 0.379856
13 48 0.380632
13 49 0.381025
13 50 0.381034
13 51 0.380661
13 52 0.379904
13 53 0.378765
13 54 0.377246
13 55 0.375346
13 56 0.37307
13 57 0.370418
13 58 0.367393
13 59 0.363999
13 60 0.360239
13 61 0.356116
13 62 0.351635
13 63 0.346801
13 64 0.341617
13 65 0.33609
13 66 0.330225
13 67 0.324028
13 68 0.317504
13 69 0.310662
13 70 0.303507
13 71 0.296046
13 72 0.288288
13 73 0.28024
13 74 0.27191
13 75 0.263306
13 76 0.254437
13 77 0.245312
13 78 0.23594
13 79 0.226331
13 80 0.216493
13 81 0.206437
13 82 0.196172
13 83 0.185708
13 84 0.175056
13 85 0.164226
13 86 0.153227
13 87 0.142071
13 88 0.130769
13 89 0.11933
13 90 0.107765
13 91 0.0960872
13 92 0.0843065
13 93 0.072435
13 94 0.0604849
13 95 0.0484685
13 96 0.0363986
13 97 0.0242883
13 98 0.012151
13 99 0
14 0 0
14 1 0.0129548
14 2 0.0258965
14 3 0.0388121
14 4 0.0516888
14 5 0.0645134
14 6 0.0772732
14 7 0.0899552
14 8 0.102547
14 9 0.115035
14 10 0.127408
14 11 0.139652
14 12 0.151756
14 13 0.163708
14 14 0.175494
14 15 0.187105
14 16 0.198527
14 17 0.209749
14 18 0.22076
14 19 0.231549
14 20 0.242106
14 21 0.252418
14 22 0.262477
14 23 0.272272
14 24 0.281793
14 25 0.291031
14 26 0.299975
14 27 0.308618
14 28 0.316951
14 29 0.324965
14 30 0.332652
14 31 0.340004
14 32 0.347014
14 33 0.353675
14 34 0.359981
14 35 0.365924
14 36 0.3715
14 37 0.376701
14 38 0.381524
14 39 0.385963
14 40 0.390013
14 41 0.393672
14 42 0.396934
14 43 0.399797
14 44 0.402258
14 45 0.404314
14 46 0.405964
14 47 0.407205
14 48 0.408037
14 49 0.408458
14 50 0.408468
14 51 0.408068
14 52 0.407257
14 53 0.406036
14 54 0.404407
14 55 0.402371
14 56 0.39993
14 57 0.397087
14 58 0.393845
14 59 0.390206
14 60 0.386175
14 61 0.381756
14 62 0.376952
14 63 0.37177
14 64 0.366213
14 65 0.360288
14 66 0.354001
14 67 0.347357
14 68 0.340364
14 69 0.333029
14 70 0.325359
14 71 0.317361
14 72 0.309044
14 73 0.300417
14 74 0.291487
14 75 0.282263
14 76 0.272756
14 77 0.262974
14 78 0.252928
14 79 0.242626
14 80 0.23208
14 81 0.2213
14 82 0.210296
14 83 0.199079
14 84 0.18766
14 85 0.17605
14 86 0.16426
14 87 0.1523
14 88 0.140184
14 89 0.127921
14 90 0.115524
14 91 0.103005
14 92 0.0903765
14 93 0.0776502
14 94 0.0648397
14 95 0.0519581
14 96 0.0390192
14 97 0.026037
14 98 0.0130258
14 99 0
15 0 0
15 1 0.0138118
15 2 0.0276097
15 3 0.0413798
15 4 0.0551084
15 5 0.0687814
15 6 0.0823853
15 7 0.0959063
15 8 0.109331
15 9 0.122645
15 10 0.135837
15 11 0.148891
15 12 0.161796
15 13 0.174538
15 14 0.187105
15 15 0.199483
15 16 0.21166
15 17 0.223625
15 18 0.235365
15 19 0.246868
15 20 0.258123
15 21 0.269118
15 22 0.279842
15 23 0.290285
15 24 0.300436
15 25 0.310284
15 26 0.319821
15 27 0.329036
15 28 0.33792
15 29 0.346464
15 30 0.354659
15 31 0.362498
15 32 0.369972
15 33 0.377074
15 34 0.383796
15 35 0.390133
15 36 0.396077
15 37 0.401623
15 38 0.406764
15 39 0.411497
15 40 0.415815
15 41 0.419716
15 42 0.423194
15 43 0.426246
15 44 0.42887
15 45 0.431062
15 46 0.432821
15 47 0.434145
15 48 0.435031
15 49 0.43548
15 50 0.435491
15 51 0.435064
15 52 0.434199
15 53 0.432898
15 54 0.431161
15 55 0.428991
15 56 0.426388
15 57 0.423357
15 58 0.419901
15 59 0.416021
15 60 0.411724
15 61 0.407012
15 62 0.40189
15 63 0.396365
15 64 0.390441
15 65 0.384124
15 66 0.37742
15 67 0.370337
15 68 0.362882
15 69 0.355061
15 70 0.346883
15 71 0.338357
15 72 0.32949
15 73 0.320291
15 74 0.31077
15 75 0.300937
15 76 0.290801
15 77 0.280372
15 78 0.269661
15 79 0.258678
15 80 0.247434
15 81 0.235941
15 82 0.224209
15 83 0.21225
15 84 0.200075
15 85 0.187697
15 86 0.175126
15 87 0.162376
15 88 0.149458
15 89 0.136384
15 90 0.123167
15 91 0.10982
15 92 0.0963555
15 93 0.0827874
15 94 0.0691293
15 95 0.0553955
15 96 0.0416006
15 97 0.0277596
15 98 0.0138876
15 99 0
16 0 0
16 1 0.014655
16 2 0.0292952
16 3 0.0439059
16 4 0.0584725
16 5 0.0729803
16 6 0.0874146
16 7 0.101761
16 8 0.116005
16 9 0.130132
16 10 0.144129
16 11 0.15798
16 12 0.171673
16 13 0.185193
16 14 0.198527
16 15 0.21166
16 16 0.224581
16 17 0.237277
16 18 0.249733
16 19 0.261938
16 20 0.27388
16 21 0.285546
16 22 0.296925
16 23 0.308006
16 24 0.318776
16 25 0.329226
16 26 0.339345
16 27 0.349122
16 28 0.358548
16 29 0.367614
16 30 0.376309
16 31 0.384627
16 32 0.392557
16 33 0.400092
16 34 0.407225
16 35 0.413949
16 36 0.420256
16 37 0.42614
16 38 0.431596
16 39 0.436617
16 40 0.441199
16 41 0.445338
16 42 0.449028
16 43 0.452267
16 44 0.455051
16 45 0.457377
16 46 0.459243
16 47 0.460647
16 48 0.461588
16 49 0.462065
16 50 0.462076
16 51 0.461623
16 52 0.460706
16 53 0.459325
16 54 0.457482
16 55 0.455179
16 56 0.452418
16 57 0.449202
16 58 0.445534
16 59 0.441418
16 60 0.436858
16 61 0.431858
16 62 0.426424
16 63 0.420561
16 64 0.414275
16 65 0.407573
16 66 0.40046
16 67 0.392945
16 68 0.385034
16 69 0.376736
16 70 0.368059
16 71 0.359012
16 72 0.349604
16 73 0.339844
16 74 0.329742
16 75 0.319308
16 76 0.308553
16 77 0.297487
16 78 0.286122
16 79 0.274469
16 80 0.262539
16 81 0.250344
16 82 0.237896
16 83 0.225207
16 84 0.212289
16 85 0.199155
16 86 0.185817
16 87 0.172289
16 88 0.158582
16 89 0.14471
16 90 0.130686
16 91 0.116524
16 92 0.102238
16 93 0.0878412
16 94 0.0733494
16 95 0.0587772
16 96 0.0441402
16 97 0.0294542
16 98 0.0147353
16 99 0
17 0 0
17 1 0.0154834
17 2 0.0309512
17 3 0.0463878
17 4 0.0617778
17 5 0.0771057
17 6 0.092356
17 7 0.107513
17 8 0.122563
17 9 0.137489
17 10 0.152276
17 11 0.166911
17 12 0.181377
17 13 0.195661
17 14 0.209749
17 15 0.223625
17 16 0.237277
17 17 0.250689
17 18 0.26385
17 19 0.276745
17 20 0.289362
17 21 0.301688
17 22 0.31371
17 23 0.325416
17 24 0.336796
17 25 0.347836
17 26 0.358527
17 27 0.368857
17 28 0.378816
17 29 0.388394
17 30 0.397581
17 31 0.406369
17 32 0.414747
17 33 0.422709
17 34 0.430245
17 35 0.437348
17 36 0.444012
17 37 0.450229
17 38 0.455993
17 39 0.461298
17 40 0.466139
17 41 0.470512
17 42 0.474411
17 43 0.477833
17 44 0.480774
17 45 0.483232
17 46 0.485203
17 47 0.486687
17 48 0.487681
17 49 0.488184
17 50 0.488196
17 51 0.487718
17 52 0.486748
17 53 0.485289
17 54 0.483342
17 55 0.480909
17 56 0.477992
17 57 0.474594
17 58 0.470719
17 59 0.46637
17 60 0.461552
17 61 0.45627
17 62 0.450529
17 63 0.444335
17 64 0.437694
17 65 0.430612
17 66 0.423097
17 67 0.415157
17 68 0.406799
17 69 0.398032
17 70 0.388865
17 71 0.379306
17 72 0.369366
17 73 0.359054
17 74 0.348381
17 75 0.337358
17 76 0.325995
17 77 0.314304
17 78 0.302296
17 79 0.289984
17 80 0.27738
17 81 0.264495
17 82 0.251343
17 83 0.237937
17 84 0.224289
17 85 0.210413
17 86 0.196321
17 87 0.182028
17 88 0.167546
17 89 0.15289
17 90 0.138073
17 91 0.123111
17 92 0.108017
17 93 0.0928067
17 94 0.0774956
17 95 0.0620997
17 96 0.0466353
17 97 0.0311192
17 98 0.0155683
17 99 0
18 0 0
18 1 0.0162962
18 2 0.032576
18 3 0.0488231
18 4 0.065021
18 5 0.0811535
18 6 0.0972044
18 7 0.113158
18 8 0.128997
18 9 0.144706
18 10 0.16027
18 11 0.175673
18 12 0.190899
18 13 0.205933
18 14 0.22076
18 15 0.235365
18 16 0.249733
18 17 0.26385
18 18 0.277701
18 19 0.291273
18 20 0.304553
18 21 0.317525
18 22 0.330179
18 23 0.3425
18 24 0.354477
18 25 0.366097
18 26 0.377349
18 27 0.388221
18 28 0.398703
18 29 0.408784
18 30 0.418453
18 31 0.427702
18 32 0.436521
18 33 0.4449
18 34 0.452832
18 35 0.460308
18 36 0.467321
18 37 0.473865
18 38 0.479931
18 39 0.485515
18 40 0.49061
18 41 0.495212
18 42 0.499316
18 43 0.502918
18 44 0.506013
18 45 0.5086
18 46 0.510675
18 47 0.512237
18 48 0.513283
18 49 0.513812
18 50 0.513825
18 51 0.513322
18 52 0.512301
18 53 0.510766
18 54 0.508716
18 55 0.506155
18 56 0.503085
18 57 0.499509
18 58 0.49543
18 59 0.490853
18 60 0.485783
18 61 0.480223
18 62 0.474181
18 63 0.467661
18 64 0.460671
18 65 0.453218
18 66 0.445309
18 67 0.436952
18 68 0.428155
18 69 0.418928
18 70 0.409279
18 71 0.399219
18 72 0.388757
18 73 0.377904
18 74 0.36667
18 75 0.355068
18 76 0.343109
18 77 0.330804
18 78 0.318166
18 79 0.305208
18 80 0.291941
18 81 0.27838
18 82 0.264538
18 83 0.250428
18 84 0.236064
18 85 0.221459
18 86 0.206627
18 87 0.191584
18 88 0.176342
18 89 0.160916
18 90 0.145322
18 91 0.129574
18 92 0.113687
18 93 0.0976788
18 94 0.081564
18 95 0.0653598
18 96 0.0490836
18 97 0.0327528
18 98 0.0163856
18 99 0
19 0 0
19 1 0.0170927
19 2 0.0341681
19 3 0.0512092
19 4 0.0681988
19 5 0.0851198
19 6 0.101955
19 7 0.118688
19 8 0.135301
19 9 0.151779
19 10 0.168103
19 11 0.184259
19 12 0.200229
19 13 0.215998
19 14 0.231549
19 15 0.246868
19 16 0.261938
19 17 0.276745
19 18 0.291273
19 19 0.305509
19 20 0.319437
19 21 0.333044
19 22 0.346316
19 23 0.359239
19 24 0.371801
19 25 0.383989
19 26 0.395791
19 27 0.407195
19 28 0.418189
19 29 0.428762
19 30 0.438905
19 31 0.448605
19 32 0.457855
19 33 0.466644
19 34 0.474963
19 35 0.482805
19 36 0.490161
19 37 0.497024
19 38 0.503387
19 39 0.509244
19 40 0.514588
19 41 0.519415
19 42 0.523719
19 43 0.527497
19 44 0.530744
19 45 0.533457
19 46 0.535633
19 47 0.537271
19 48 0.538368
19 49 0.538924
19 50 0.538938
19 51 0.538409
19 52 0.537339
19 53 0.535728
19 54 0.533579
19 55 0.530893
19 56 0.527673
19 57 0.523922
19 58 0.519644
19 59 0.514843
19 60 0.509524
19 61 0.503693
19 62 0.497355
19 63 0.490517
19 64 0.483186
19 65 0.475368
19 66 0.467073
19 67 0.458307
19 68 0.44908
19 69 0.439402
19 70 0.429282
19 71 0.41873
19 72 0.407757
19 73 0.396373
19 74 0.384591
19 75 0.372422
19 76 0.359878
19 77 0.346971
19 78 0.333716
19 79 0.320124
19 80 0.306209
19 81 0.291986
19 82 0.277467
19 83 0.262667
19 84 0.247601
19 85 0.232282
19 86 0.216726
19 87 0.200947
19 88 0.18496
19 89 0.168781
19 90 0.152424
19 91 0.135906
19 92 0.119244
19 93 0.102453
19 94 0.0855502
19 95 0.0685542
19 96 0.0514824
19 97 0.0343536
19 98 0.0171864
19 99 0
20 0 0
20 1 0.0178719
20 2 0.0357258
20 3 0.0535438
20 4 0.071308
20 5 0.0890004
20 6 0.106603
20 7 0.124099
20 8 0.14147
20 9 0.158698
20 10 0.175767
20 11 0.192659
20 12 0.209357
20 13 0.225845
20 14 0.242106
20 15 0.258123
20 16 0.27388
20 17 0.289362
20 18 0.304553
20 19 0.319437
20 20 0.334
20 21 0.348227
20 22 0.362104
20 23 0.375617
20 24 0.388752
20 25 0.401495
20 26 0.413835
20 27 0.425759
20 28 0.437254
20 29 0.44831
20 30 0.458914
20 31 0.469057
20 32 0.478728
20 33 0.487918
20 34 0.496617
20 35 0.504816
20 36 0.512507
20 37 0.519683
20 38 0.526336
20 39 0.53246
20 40 0.538048
20 41 0.543095
20 42 0.547596
20 43 0.551545
20 44 0.55494
20 45 0.557777
20 46 0.560053
20 47 0.561765
20 48 0.562913
20 49 0.563494
20 50 0.563508
20 51 0.562955
20 52 0.561836
20 53 0.560152
20 54 0.557905
20 55 0.555096
20 56 0.551729
20 57 0.547807
20 58 0.543334
20 59 0.538314
20 60 0.532753
20 61 0.526656
20 62 0.52003
20 63 0.51288
20 64 0.505214
20 65 0.49704
20 66 0.488366
20 67 0.479201
20 68 0.469554
20 69 0.459435
20 70 0.448853
20 71 0.43782
20 72 0.426346
20 73 0.414444
20 74 0.402124
20 75 0.3894
20 76 0.376284
20 77 0.36279
20 78 0.34893
20 79 0.334718
20 80 0.320169
20 81 0.305297
20 82 0.290117
20 83 0.274642
20 84 0.258889
20 85 0.242872
20 86 0.226606
20 87 0.210108
20 88 0.193392
20 89 0.176475
20 90 0.159373
20 91 0.142102
20 92 0.12468
20 93 0.107123
20 94 0.0894505
20 95 0.0716795
20 96 0.0538295
20 97 0.0359198
20 98 0.0179699
20 99 0
21 0 0
21 1 0.0186332
21 2 0.0372476
21 3 0.0558246
21 4 0.0743454
21 5 0.0927914
21 6 0.111144
21 7 0.129385
21 8 0.147496
21 9 0.165458
21 10 0.183254
21 11 0.200866
21 12 0.218275
21 13 0.235465
21 14 0.252418
21 15 0.269118
21 16 0.285546
21 17 0.301688
21 18 0.317525
21 19 0.333044
21 20 0.348227
21 21 0.36306
21 22 0.377528
21 23 0.391617
21 24 0.405311
21 25 0.418597
21 26 0.431463
21 27 0.443894
21 28 0.455879
21 29 0.467406
21 30 0.478462
21 31 0.489037
21 32 0.49912
21 33 0.508701
21 34 0.517771
21 35 0.526319
21 36 0.534338
21 37 0.54182
21 38 0.548756
21 39 0.555141
21 40 0.560967
21 41 0.566229
21 42 0.570921
21 43 0.575039
21 44 0.578579
21 45 0.581536
21 46 0.583909
21 47 0.585694
21 48 0.58689
21 49 0.587496
21 50 0.587511
21 51 0.586935
21 52 0.585768
21 53 0.584013
21 54 0.581669
21 55 0.578741
21 56 0.575231
21 57 0.571142
21 58 0.566478
21 59 0.561245
21 60 0.555447
21 61 0.54909
21 62 0.542181
21 63 0.534727
21 64 0.526734
21 65 0.518212
21 66 0.509169
21 67 0.499613
21 68 0.489555
21 69 0.479005
21 70 0.467972
21 71 0.456469
21 72 0.444507
21 73 0.432097
21 74 0.419253
21 75 0.405987
21 76 0.392313
21 77 0.378243
21 78 0.363793
21 79 0.348976
21 80 0.333807
21 81 0.318302
21 82 0.302475
21 83 0.286341
21 84 0.269917
21 85 0.253217
21 86 0.236259
21 87 0.219058
21 88 0.20163
21 89 0.183993
21 90 0.166162
21 91 0.148155
21 92 0.129991
21 93 0.111686
21 94 0.0932607
21 95 0.0747328
21 96 0.0561225
21 97 0.0374498
21 98 0.0187354
21 99 0
22 0 0
22 1 0.0193757
22 2 0.0387319
22 3 0.0580492
22 4 0.0773081
22 5 0.0964892
22 6 0.115573
22 7 0.134541
22 8 0.153373
22 9 0.172052
22 10 0.190557
22 11 0.20887
22 12 0.226974
22 13 0.244849
22 14 0.262477
22 15 0.279842
22 16 0.296925
22 17 0.31371
22 18 0.330179
22 19 0.346316
22 20 0.362104
22 21 0.377528
22 22 0.392573
22 23 0.407222
22 24 0.421462
22 25 0.435279
22 26 0.448657
22 27 0.461584
22 28 0.474046
22 29 0.486032
22 30 0.497529
22 31 0.508525
22 32 0.51901
22 33 0.528973
22 34 0.538404
22 35 0.547293
22 36 0.555631
22 37 0.563411
22 38 0.570624
22 39 0.577263
22 40 0.583321
22 41 0.588793
22 42 0.593672
22 43 0.597954
22 44 0.601635
22 45 0.604711
22 46 0.607178
22 47 0.609034
22 48 0.610278
22 49 0.610908
22 50 0.610923
22 51 0.610324
22 52 0.609111
22 53 0.607286
22 54 0.604849
22 55 0.601804
22 56 0.598154
22 57 0.593902
22 58 0.589052
22 59 0.58361
22 60 0.577581
22 61 0.570971
22 62 0.563787
22 63 0.556035
22 64 0.547725
22 65 0.538863
22 66 0.529459
22 67 0.519523
22 68 0.509064
22 69 0.498093
22 70 0.486621
22 71 0.47466
22 72 0.46222
22 73 0.449317
22 74 0.43596
22 75 0.422166
22 76 0.407946
22 77 0.393316
22 78 0.37829
22 79 0.362883
22 80 0.34711
22 81 0.330986
22 82 0.314528
22 83 0.297752
22 84 0.280673
22 85 0.263308
22 86 0.245674
22 87 0.227787
22 88 0.209665
22 89 0.191325
22 90 0.172783
22 91 0.154059
22 92 0.135171
22 93 0.116137
22 94 0.0969772
22 95 0.0777109
22 96 0.0583589
22 97 0.0389422
22 98 0.019482
22 99 0
23 0 0
23 1 0.0200988
23 2 0.0401773
23 3 0.0602154
23 4 0.080193
23 5 0.10009
23 6 0.119886
23 7 0.139562
23 8 0.159097
23 9 0.178472
23 10 0.197668
23 11 0.216665
23 12 0.235444
23 13 0.253986
23 14 0.272272
23 15 0.290285
23 16 0.308006
23 17 0.325416
23 18 0.3425
23 19 0.359239
23 20 0.375617
23 21 0.391617
23 22 0.407222
23 23 0.422419
23 24 0.43719
23 25 0.451522
23 26 0.465399
23 27 0.478809
23 28 0.491736
23 29 0.504169
23 30 0.516095
23 31 0.527502
23 32 0.538378
23 33 0.548713
23 34 0.558495
23 35 0.567716
23 36 0.576366
23 37 0.584436
23 38 0.591918
23 39 0.598805
23 40 0.605089
23 41 0.610765
23 42 0.615826
23 43 0.620268
23 44 0.624086
23 45 0.627277
23 46 0.629836
23 47 0.631762
23 48 0.633052
23 49 0.633705
23 50 0.633721
23 51 0.6331
23 52 0.631841
23 53 0.629948
23 54 0.62742
23 55 0.624261
23 56 0.620475
23 57 0.616064
23 58 0.611034
23 59 0.605389
23 60 0.599135
23 61 0.592278
23 62 0.584826
23 63 0.576785
23 64 0.568164
23 65 0.558972
23 66 0.549217
23 67 0.53891
23 68 0.528061
23 69 0.51668
23 70 0.50478
23 71 0.492372
23 72 0.479469
23 73 0.466084
23 74 0.452229
23 75 0.43792
23 76 0.42317
23 77 0.407994
23 78 0.392407
23 79 0.376424
23 80 0.360063
23 81 0.343338
23 82 0.326265
23 83 0.308863
23 84 0.291147
23 85 0.273134
23 86 0.254842
23 87 0.236288
23 88 0.217489
23 89 0.198464
23 90 0.179231
23 91 0.159808
23 92 0.140215
23 93 0.120471
23 94 0.100596
23 95 0.0806109
23 96 0.0605367
23 97 0.0403954
23 98 0.020209
23 99 0
24 0 0
24 1 0.0208016
24 2 0.0415822
24 3 0.0623211
24 4 0.0829972
24 5 0.10359
24 6 0.124078
24 7 0.144442
24 8 0.16466
24 9 0.184713
24 10 0.20458
24 11 0.224241
24 12 0.243677
24 13 0.262867
24 14 0.281793
24 15 0.300436
24 16 0.318776
24 17 0.336796
24 18 0.354477
24 19 0.371801
24 20 0.388752
24 21 0.405311
24 22 0.421462
24 23 0.43719
24 24 0.452478
24 25 0.467311
24 26 0.481674
24 27 0.495552
24 28 0.508932
24 29 0.521799
24 30 0.534142
24 31 0.545948
24 32 0.557204
24 33 0.5679
24 34 0.578025
24 35 0.587568
24 36 0.596521
24 37 0.604873
24 38 0.612617
24 39 0.619744
24 40 0.626248
24 41 0.632123
24 42 0.637361
24 43 0.641958
24 44 0.64591
24 45 0.649212
24 46 0.65186
24 47 0.653853
24 48 0.655189
24 49 0.655865
24 50 0.655882
24 51 0.655238
24 52 0.653936
24 53 0.651976
24 54 0.64936
24 55 0.646091
24 56 0.642172
24 57 0.637607
24 58 0.632401
24 59 0.626558
24 60 0.620086
24 61 0.612989
24 62 0.605276
24 63 0.596954
24 64 0.588032
24 65 0.578518
24 66 0.568422
24 67 0.557755
24 68 0.546526
24 69 0.534748
24 70 0.522432
24 71 0.50959
24 72 0.496236
24 73 0.482382
24 74 0.468043
24 75 0.453233
24 76 0.437967
24 77 0.422261
24 78 0.406129
24 79 0.389588
24 80 0.372654
24 81 0.355344
24 82 0.337675
24 83 0.319663
24 84 0.301328
24 85 0.282685
24 86 0.263753
24 87 0.24455
24 88 0.225094
24 89 0.205404
24 90 0.185499
24 91 0.165397
24 92 0.145118
24 93 0.124684
24 94 0.104114
24 95 0.0834297
24 96 0.0626536
24 97 0.041808
24 98 0.0209157
24 99 0
25 0 0
25 1 0.0214835
25 2 0.0429454
25 3 0.064364
25 4 0.085718
25 5 0.106986
25 6 0.128146
25 7 0.149177
25 8 0.170058
25 9 0.190768
25 10 0.211286
25 11 0.231592
25 12 0.251665
25 13 0.271484
25 14 0.291031
25 15 0.310284
25 16 0.329226
25 17 0.347836
25 18 0.366097
25 19 0.383989
25 20 0.401495
25 21 0.418597
25 22 0.435279
25 23 0.451522
25 24 0.467311
25 25 0.48263
25 26 0.497463
25 27 0.511797
25 28 0.525615
25 29 0.538905
25 30 0.551652
25 31 0.563845
25 32 0.57547
25 33 0.586517
25 34 0.596973
25 35 0.60683
25 36 0.616075
25 37 0.624701
25 38 0.632699
25 39 0.64006
25 40 0.646778
25 41 0.652844
25 42 0.658254
25 43 0.663002
25 44 0.667083
25 45 0.670493
25 46 0.673229
25 47 0.675287
25 48 0.676667
25 49 0.677365
25 50 0.677382
25 51 0.676718
25 52 0.675373
25 53 0.673349
25 54 0.670647
25 55 0.667271
25 56 0.663223
25 57 0.658509
25 58 0.653132
25 59 0.647098
25 60 0.640413
25 61 0.633084
25 62 0.625118
25 63 0.616523
25 64 0.607308
25 65 0.597483
25 66 0.587056
25 67 0.576039
25 68 0.564442
25 69 0.552278
25 70 0.539558
25 71 0.526295
25 72 0.512503
25 73 0.498195
25 74 0.483386
25 75 0.468091
25 76 0.452324
25 77 0.436103
25 78 0.419442
25 79 0.402359
25 80 0.38487
25 81 0.366992
25 82 0.348744
25 83 0.330142
25 84 0.311206
25 85 0.291952
25 86 0.272399
25 87 0.252567
25 88 0.232473
25 89 0.212138
25 90 0.19158
25 91 0.170819
25 92 0.149876
25 93 0.128771
25 94 0.107527
25 95 0.0861646
25 96 0.0647075
25 97 0.0431785
25 98 0.0216013
25 99 0
26 0 0
26 1 0.0221438
26 2 0.0442653
26 3 0.0663422
26 4 0.0883525
26 5 0.110274
26 6 0.132084
26 7 0.153762
26 8 0.175285
26 9 0.196631
26 10 0.21778
26 11 0.23871
26 12 0.2594
26 13 0.279828
26 14 0.299975
26 15 0.319821
26 16 0.339345
26 17 0.358527
26 18 0.377349
26 19 0.395791
26 20 0.413835
26 21 0.431463
26 22 0.448657
26 23 0.465399
26 24 0.481674
26 25 0.497463
26 26 0.512753
26 27 0.527527
26 28 0.54177
26 29 0.555468
26 30 0.568607
26 31 0.581174
26 32 0.593157
26 33 0.604543
26 34 0.615321
26 35 0.62548
26 36 0.63501
26 37 0.643901
26 38 0.652145
26 39 0.659732
26 40 0.666656
26 41 0.672909
26 42 0.678486
26 43 0.68338
26 44 0.687586
26 45 0.691101
26 46 0.693921
26 47 0.696042
26 48 0.697464
26 49 0.698184
26 50 0.698201
26 51 0.697517
26 52 0.69613
26 53 0.694044
26 54 0.691259
26 55 0.687779
26 56 0.683607
26 57 0.678748
26 58 0.673206
26 59 0.666986
26 60 0.660096
26 61 0.652542
26 62 0.644331
26 63 0.635472
26 64 0.625974
26 65 0.615846
26 66 0.605099
26 67 0.593743
26 68 0.58179
26 69 0.569252
26 70 0.556141
26 71 0.54247
26 72 0.528254
26 73 0.513507
26 74 0.498243
26 75 0.482477
26 76 0.466226
26 77 0.449506
26 78 0.432333
26 79 0.414725
26 80 0.396699
26 81 0.378272
26 82 0.359462
26 83 0.340289
26 84 0.32077
26 85 0.300925
26 86 0.280772
26 87 0.26033
26 88 0.239618
26 89 0.218658
26 90 0.197468
26 91 0.176069
26 92 0.154482
26 93 0.132729
26 94 0.110832
26 95 0.0888129
26 96 0.0666962
26 97 0.0445056
26 98 0.0222652
26 99 0
27 0 0
27 1 0.0227818
27 2 0.0455407
27 3 0.0682537
27 4 0.0908981
27 5 0.113451
27 6 0.13589
27 7 0.158192
27 8 0.180335
27 9 0.202297
27 10 0.224055
27 11 0.245588
27 12 0.266873
27 13 0.287891
27 14 0.308618
27 15 0.329036
27 16 0.349122
27 17 0.368857
27 18 0.388221
27 19 0.407195
27 20 0.425759
27 21 0.443894
27 22 0.461584
27 23 0.478809
27 24 0.495552
27 25 0.511797
27 26 0.527527
27 27 0.542726
27 28 0.557379
27 29 0.571472
27 30 0.58499
27 31 0.597919
27 32 0.610247
27 33 0.621962
27 34 0.63305
27 35 0.643502
27 36 0.653306
27 37 0.662454
27 38 0.670935
27 39 0.678741
27 40 0.685864
27 41 0.692298
27 42 0.698035
27 43 0.703069
27 44 0.707397
27 45 0.711013
27 46 0.713914
27 47 0.716097
27 48 0.717559
27 49 0.7183
27 50 0.718318
27 51 0.717614
27 52 0.716188
27 53 0.714041
27 54 0.711176
27 55 0.707596
27 56 0.703304
27 57 0.698304
27 58 0.692602
27 59 0.686204
27 60 0.679115
27 61 0.671343
27 62 0.662896
27 63 0.653782
27 64 0.64401
27 65 0.63359
27 66 0.622533
27 67 0.61085
27 68 0.598553
27 69 0.585653
27 70 0.572165
27 71 0.5581
27 72 0.543475
27 73 0.528302
27 74 0.512598
27 75 0.496379
27 76 0.47966
27 77 0.462458
27 78 0.44479
27 79 0.426674
27 80 0.408128
