TITLE = "Bivariate normal distribution density"
VARIABLES = "x", "y", "T"
ZONE T = "Numerical", I = 100, J = 100, F = Point
0 0 0
0 1 0
0 2 0
0 3 0
0 4 0
0 5 0
0 6 0
0 7 0
0 8 0
0 9 0
0 10 0
0 11 0
0 12 0
0 13 0
0 14 0
0 15 0
0 16 0
0 17 0
0 18 0
0 19 0
0 20 0
0 21 0
0 22 0
0 23 0
0 24 0
0 25 0
0 26 0
0 27 0
0 28 0
0 29 0
0 30 0
0 31 0
0 32 0
0 33 0
0 34 0
0 35 0
0 36 0
0 37 0
0 38 0
0 39 0
0 40 0
0 41 0
0 42 0
0 43 0
0 44 0
0 45 0
0 46 0
0 47 0
0 48 0
0 49 0
0 50 0
0 51 0
0 52 0
0 53 0
0 54 0
0 55 0
0 56 0
0 57 0
0 58 0
0 59 0
0 60 0
0 61 0
0 62 0
0 63 0
0 64 0
0 65 0
0 66 0
0 67 0
0 68 0
0 69 0
0 70 0
0 71 0
0 72 0
0 73 0
0 74 0
0 75 0
0 76 0
0 77 0
0 78 0
0 79 0
0 80 0
0 81 0
0 82 0
0 83 0
0 84 0
0 85 0
0 86 0
0 87 0
0 88 0
0 89 0
0 90 0
0 91 0
0 92 0
0 93 0
0 94 0
0 95 0
0 96 0
0 97 0
0 98 0
0 99 0
1 0 0
1 1 8.12002e-05
1 2 0.000162319
1 3 0.000243274
1 4 0.000323984
1 5 0.000404367
1 6 0.000484344
1 7 0.000563833
1 8 0.000642755
1 9 0.000721029
1 10 0.000798577
1 11 0.000875322
1 12 0.000951185
1 13 0.00102609
1 14 0.00109996
1 15 0.00117273
1 16 0.00124431
1 17 0.00131464
1 18 0.00138365
1 19 0.00145126
1 20 0.00151742
1 21 0.00158204
1 22 0.00164508
1 23 0.00170645
1 24 0.00176611
1 25 0.00182399
1 26 0.00188003
1 27 0.00193418
1 28 0.00198639
1 29 0.00203659
1 30 0.00208474
1 31 0.0021308
1 32 0.0021747
1 33 0.00221642
1 34 0.00225591
1 35 0.00229312
1 36 0.00232803
1 37 0.00236059
1 38 0.00239078
1 39 0.00241856
1 40 0.0024439
1 41 0.00246678
1 42 0.00248718
1 43 0.00250508
1 44 0.00252045
1 45 0.00253328
1 46 0.00254357
1 47 0.00255129
1 48 0.00255644
1 49 0.00255902
1 50 0.00255902
1 51 0.00255645
1 52 0.0025513
1 53 0.00254358
1 54 0.0025333
1 55 0.00252047
1 56 0.00250511
1 57 0.00248722
1 58 0.00246682
1 59 0.00244394
1 60 0.00241861
1 61 0.00239083
1 62 0.00236065
1 63 0.00232809
1 64 0.00229319
1 65 0.00225597
1 66 0.00221649
1 67 0.00217477
1 68 0.00213087
1 69 0.00208482
1 70 0.00203667
1 71 0.00198646
1 72 0.00193426
1 73 0.00188011
1 74 0.00182407
1 75 0.00176619
1 76 0.00170653
1 77 0.00164515
1 78 0.00158212
1 79 0.00151749
1 80 0.00145134
1 81 0.00138372
1 82 0.00131471
1 83 0.00124438
1 84 0.00117279
1 85 0.00110002
1 86 0.00102615
1 87 0.000951239
1 88 0.000875372
1 89 0.000798624
1 90 0.000721072
1 91 0.000642793
1 92 0.000563867
1 93 0.000484374
1 94 0.000404392
1 95 0.000324003
1 96 0.000243289
1 97 0.000162329
1 98 8.12052e-05
1 99 0
2 0 0
2 1 0.000162319
2 2 0.000324474
2 3 0.000486302
2 4 0.000647641
2 5 0.000808328
2 6 0.000968201
2 7 0.0011271
2 8 0.00128486
2 9 0.00144133
2 10 0.00159635
2 11 0.00174976
2 12 0.00190141
2 13 0.00205115
2 14 0.00219882
2 15 0.00234427
2 16 0.00248737
2 17 0.00262796
2 18 0.00276591
2 19 0.00290107
2 20 0.00303331
2 21 0.00316249
2 22 0.00328849
2 23 0.00341118
2 24 0.00353044
2 25 0.00364614
2 26 0.00375817
2 27 0.00386642
2 28 0.00397077
2 29 0.00407113
2 30 0.00416739
2 31 0.00425945
2 32 0.00434722
2 33 0.00443061
2 34 0.00450955
2 35 0.00458394
2 36 0.00465372
2 37 0.00471881
2 38 0.00477915
2 39 0.00483468
2 40 0.00488534
2 41 0.00493108
2 42 0.00497186
2 43 0.00500763
2 44 0.00503836
2 45 0.00506401
2 46 0.00508457
2 47 0.00510001
2 48 0.00511031
2 49 0.00511546
2 50 0.00511547
2 51 0.00511032
2 52 0.00510003
2 53 0.0050846
2 54 0.00506406
2 55 0.00503841
2 56 0.00500769
2 57 0.00497193
2 58 0.00493116
2 59 0.00488543
2 60 0.00483478
2 61 0.00477926
2 62 0.00471892
2 63 0.00465384
2 64 0.00458407
2 65 0.00450968
2 66 0.00443075
2 67 0.00434736
2 68 0.00425959
2 69 0.00416753
2 70 0.00407128
2 71 0.00397093
2 72 0.00386658
2 73 0.00375833
2 74 0.0036463
2 75 0.0035306
2 76 0.00341134
2 77 0.00328865
2 78 0.00316265
2 79 0.00303346
2 80 0.00290121
2 81 0.00276605
2 82 0.0026281
2 83 0.0024875
2 84 0.0023444
2 85 0.00219894
2 86 0.00205126
2 87 0.00190152
2 88 0.00174986
2 89 0.00159644
2 90 0.00144142
2 91 0.00128494
2 92 0.00112717
2 93 0.00096826
2 94 0.000808377
2 95 0.000647681
2 96 0.000486332
2 97 0.000324494
2 98 0.000162329
2 99 0
3 0 0
3 1 0.000243274
3 2 0.000486302
3 3 0.000728841
3 4 0.000970646
3 5 0.00121147
3 6 0.00145108
3 7 0.00168923
3 8 0.00192568
3 9 0.00216018
3 10 0.00239252
3 11 0.00262244
3 12 0.00284972
3 13 0.00307414
3 14 0.00329546
3 15 0.00351346
3 16 0.00372792
3 17 0.00393863
3 18 0.00414538
3 19 0.00434795
3 20 0.00454614
3 21 0.00473976
3 22 0.0049286
3 23 0.00511248
3 24 0.00529122
3 25 0.00546462
3 26 0.00563253
3 27 0.00579476
3 28 0.00595116
3 29 0.00610157
3 30 0.00624583
3 31 0.00638381
3 32 0.00651535
3 33 0.00664034
3 34 0.00675864
3 35 0.00687014
3 36 0.00697472
3 37 0.00707227
3 38 0.00716271
3 39 0.00724593
3 40 0.00732186
3 41 0.00739042
3 42 0.00745153
3 43 0.00750514
3 44 0.00755119
3 45 0.00758965
3 46 0.00762045
3 47 0.00764359
3 48 0.00765903
3 49 0.00766676
3 50 0.00766676
3 51 0.00765905
3 52 0.00764363
3 53 0.00762051
3 54 0.00758971
3 55 0.00755128
3 56 0.00750524
3 57 0.00745164
3 58 0.00739054
3 59 0.007322
3 60 0.00724608
3 61 0.00716287
3 62 0.00707244
3 63 0.0069749
3 64 0.00687033
3 65 0.00675884
3 66 0.00664055
3 67 0.00651557
3 68 0.00638403
3 69 0.00624606
3 70 0.0061018
3 71 0.00595139
3 72 0.005795
3 73 0.00563277
3 74 0.00546486
3 75 0.00529145
3 76 0.00511272
3 77 0.00492884
3 78 0.00473999
3 79 0.00454637
3 80 0.00434817
3 81 0.00414559
3 82 0.00393884
3 83 0.00372812
3 84 0.00351365
3 85 0.00329564
3 86 0.00307431
3 87 0.00284989
3 88 0.00262259
3 89 0.00239266
3 90 0.00216031
3 91 0.00192579
3 92 0.00168933
3 93 0.00145117
3 94 0.00121155
3 95 0.000970706
3 96 0.000728886
3 97 0.000486332
3 98 0.000243289
3 99 0
4 0 0
4 1 0.000323984
4 2 0.000647641
4 3 0.000970646
4 4 0.00129267
4 5 0.0016134
4 6 0.0019325
4 7 0.00224966
4 8 0.00256455
4 9 0.00287686
4 10 0.00318627
4 11 0.00349248
4 12 0.00379517
4 13 0.00409403
4 14 0.00438878
4 15 0.00467911
4 16 0.00496472
4 17 0.00524534
4 18 0.00552068
4 19 0.00579045
4 20 0.0060544
4 21 0.00631225
4 22 0.00656375
4 23 0.00680864
4 24 0.00704667
4 25 0.0072776
4 26 0.00750121
4 27 0.00771727
4 28 0.00792556
4 29 0.00812587
4 30 0.00831799
4 31 0.00850174
4 32 0.00867693
4 33 0.00884339
4 34 0.00900094
4 35 0.00914942
4 36 0.0092887
4 37 0.00941862
4 38 0.00953906
4 39 0.00964989
4 40 0.00975101
4 41 0.00984231
4 42 0.0099237
4 43 0.0099951
4 44 0.0100564
4 45 0.0101076
4 46 0.0101487
4 47 0.0101795
4 48 0.0102
4 49 0.0102103
4 50 0.0102103
4 51 0.0102001
4 52 0.0101795
4 53 0.0101487
4 54 0.0101077
4 55 0.0100565
4 56 0.00999522
4 57 0.00992384
4 58 0.00984247
4 59 0.00975119
4 60 0.00965009
4 61 0.00953927
4 62 0.00941884
4 63 0.00928894
4 64 0.00914967
4 65 0.0090012
4 66 0.00884366
4 67 0.00867721
4 68 0.00850203
4 69 0.00831829
4 70 0.00812617
4 71 0.00792587
4 72 0.00771758
4 73 0.00750153
4 74 0.00727792
4 75 0.00704698
4 76 0.00680895
4 77 0.00656406
4 78 0.00631256
4 79 0.0060547
4 80 0.00579075
4 81 0.00552096
4 82 0.00524562
4 83 0.00496499
4 84 0.00467936
4 85 0.00438903
4 86 0.00409427
4 87 0.00379538
4 88 0.00349268
4 89 0.00318646
4 90 0.00287703
4 91 0.0025647
4 92 0.0022498
4 93 0.00193262
4 94 0.0016135
4 95 0.00129275
4 96 0.000970706
4 97 0.000647681
4 98 0.000324004
4 99 0
5 0 0
5 1 0.000404367
5 2 0.000808328
5 3 0.00121147
5 4 0.0016134
5 5 0.0020137
5 6 0.00241198
5 7 0.00280782
5 8 0.00320084
5 9 0.00359064
5 10 0.00397682
5 11 0.004359
5 12 0.00473679
5 13 0.00510981
5 14 0.00547768
5 15 0.00584004
5 16 0.00619652
5 17 0.00654677
5 18 0.00689042
5 19 0.00722713
5 20 0.00755656
5 21 0.00787839
5 22 0.00819229
5 23 0.00849793
5 24 0.00879502
5 25 0.00908326
5 26 0.00936235
5 27 0.00963201
5 28 0.00989198
5 29 0.010142
5 30 0.0103818
5 31 0.0106111
5 32 0.0108298
5 33 0.0110375
5 34 0.0112342
5 35 0.0114195
5 36 0.0115933
5 37 0.0117555
5 38 0.0119058
5 39 0.0120441
5 40 0.0121703
5 41 0.0122843
5 42 0.0123859
5 43 0.012475
5 44 0.0125515
5 45 0.0126155
5 46 0.0126667
5 47 0.0127051
5 48 0.0127308
5 49 0.0127436
5 50 0.0127436
5 51 0.0127308
5 52 0.0127052
5 53 0.0126667
5 54 0.0126156
5 55 0.0125517
5 56 0.0124751
5 57 0.0123861
5 58 0.0122845
5 59 0.0121706
5 60 0.0120444
5 61 0.0119061
5 62 0.0117558
5 63 0.0115936
5 64 0.0114198
5 65 0.0112345
5 66 0.0110379
5 67 0.0108301
5 68 0.0106115
5 69 0.0103821
5 70 0.0101424
5 71 0.00989236
5 72 0.0096324
5 73 0.00936274
5 74 0.00908365
5 75 0.00879542
5 76 0.00849832
5 77 0.00819267
5 78 0.00787877
5 79 0.00755694
5 80 0.0072275
5 81 0.00689077
5 82 0.00654711
5 83 0.00619686
5 84 0.00584037
5 85 0.00547799
5 86 0.0051101
5 87 0.00473706
5 88 0.00435925
5 89 0.00397706
5 90 0.00359085
5 91 0.00320104
5 92 0.00280799
5 93 0.00241212
5 94 0.00201383
5 95 0.0016135
5 96 0.00121155
5 97 0.000808378
5 98 0.000404392
5 99 0
6 0 0
6 1 0.000484344
6 2 0.000968201
6 3 0.00145108
6 4 0.0019325
6 5 0.00241198
6 6 0.00288903
6 7 0.00336316
6 8 0.00383391
6 9 0.00430081
6 10 0.00476337
6 11 0.00522113
6 12 0.00567364
6 13 0.00612044
6 14 0.00656107
6 15 0.0069951
6 16 0.00742209
6 17 0.0078416
6 18 0.00825322
6 19 0.00865653
6 20 0.00905112
6 21 0.0094366
6 22 0.00981257
6 23 0.0101787
6 24 0.0105345
6 25 0.0108798
6 26 0.0112141
6 27 0.0115371
6 28 0.0118484
6 29 0.0121479
6 30 0.0124351
6 31 0.0127098
6 32 0.0129717
6 33 0.0132206
6 34 0.0134561
6 35 0.0136781
6 36 0.0138863
6 37 0.0140805
6 38 0.0142606
6 39 0.0144263
6 40 0.0145774
6 41 0.0147139
6 42 0.0148356
6 43 0.0149423
6 44 0.015034
6 45 0.0151106
6 46 0.0151719
6 47 0.015218
6 48 0.0152487
6 49 0.0152641
6 50 0.0152641
6 51 0.0152487
6 52 0.015218
6 53 0.015172
6 54 0.0151107
6 55 0.0150342
6 56 0.0149425
6 57 0.0148358
6 58 0.0147142
6 59 0.0145777
6 60 0.0144265
6 61 0.0142609
6 62 0.0140808
6 63 0.0138866
6 64 0.0136784
6 65 0.0134565
6 66 0.013221
6 67 0.0129721
6 68 0.0127102
6 69 0.0124356
6 70 0.0121483
6 71 0.0118489
6 72 0.0115375
6 73 0.0112145
6 74 0.0108802
6 75 0.010535
6 76 0.0101791
6 77 0.00981304
6 78 0.00943705
6 79 0.00905157
6 80 0.00865697
6 81 0.00825365
6 82 0.00784202
6 83 0.00742249
6 84 0.00699549
6 85 0.00656144
6 86 0.00612079
6 87 0.00567397
6 88 0.00522144
6 89 0.00476365
6 90 0.00430106
6 91 0.00383414
6 92 0.00336337
6 93 0.0028892
6 94 0.00241213
6 95 0.00193262
6 96 0.00145117
6 97 0.000968261
6 98 0.000484374
6 99 0
7 0 0
7 1 0.000563833
7 2 0.0011271
7 3 0.00168923
7 4 0.00224966
7 5 0.00280782
7 6 0.00336316
7 7 0.00391512
7 8 0.00446313
7 9 0.00500664
7 10 0.00554512
7 11 0.00607801
7 12 0.00660478
7 13 0.00712491
7 14 0.00763786
7 15 0.00814312
7 16 0.00864018
7 17 0.00912854
7 18 0.00960771
7 19 0.0100772
7 20 0.0105366
7 21 0.0109853
7 22 0.011423
7 23 0.0118492
7 24 0.0122634
7 25 0.0126653
7 26 0.0130545
7 27 0.0134305
7 28 0.013793
7 29 0.0141416
7 30 0.0144759
7 31 0.0147957
7 32 0.0151006
7 33 0.0153903
7 34 0.0156645
7 35 0.0159229
7 36 0.0161653
7 37 0.0163914
7 38 0.016601
7 39 0.0167938
7 40 0.0169698
7 41 0.0171287
7 42 0.0172704
7 43 0.0173946
7 44 0.0175013
7 45 0.0175905
7 46 0.0176619
7 47 0.0177155
7 48 0.0177513
7 49 0.0177692
7 50 0.0177692
7 51 0.0177513
7 52 0.0177156
7 53 0.017662
7 54 0.0175906
7 55 0.0175015
7 56 0.0173948
7 57 0.0172706
7 58 0.017129
7 59 0.0169701
7 60 0.0167942
7 61 0.0166013
7 62 0.0163917
7 63 0.0161657
7 64 0.0159233
7 65 0.0156649
7 66 0.0153907
7 67 0.0151011
7 68 0.0147962
7 69 0.0144764
7 70 0.0141421
7 71 0.0137935
7 72 0.013431
7 73 0.013055
7 74 0.0126659
7 75 0.012264
7 76 0.0118497
7 77 0.0114235
7 78 0.0109858
7 79 0.0105371
7 80 0.0100777
7 81 0.00960821
7 82 0.00912902
7 83 0.00864064
7 84 0.00814356
7 85 0.00763828
7 86 0.00712531
7 87 0.00660516
7 88 0.00607836
7 89 0.00554544
7 90 0.00500694
7 91 0.00446339
7 92 0.00391535
7 93 0.00336337
7 94 0.002808
7 95 0.0022498
7 96 0.00168933
7 97 0.00112717
7 98 0.000563868
7 99 0
8 0 0
8 1 0.000642755
8 2 0.00128486
8 3 0.00192568
8 4 0.00256455
8 5 0.00320084
8 6 0.00383391
8 7 0.00446313
8 8 0.00508784
8 9 0.00570744
8 10 0.00632128
8 11 0.00692877
8 12 0.00752927
8 13 0.0081222
8 14 0.00870695
8 15 0.00928293
8 16 0.00984957
8 17 0.0104063
8 18 0.0109525
8 19 0.0114877
8 20 0.0120114
8 21 0.0125229
8 22 0.0130219
8 23 0.0135077
8 24 0.01398
8 25 0.0144381
8 26 0.0148817
8 27 0.0153104
8 28 0.0157236
8 29 0.016121
8 30 0.0165022
8 31 0.0168667
8 32 0.0172143
8 33 0.0175445
8 34 0.0178571
8 35 0.0181516
8 36 0.018428
8 37 0.0186857
8 38 0.0189246
8 39 0.0191445
8 40 0.0193451
8 41 0.0195263
8 42 0.0196877
8 43 0.0198294
8 44 0.0199511
8 45 0.0200527
8 46 0.0201341
8 47 0.0201952
8 48 0.020236
8 49 0.0202564
8 50 0.0202564
8 51 0.020236
8 52 0.0201953
8 53 0.0201342
8 54 0.0200528
8 55 0.0199513
8 56 0.0198296
8 57 0.019688
8 58 0.0195266
8 59 0.0193455
8 60 0.0191449
8 61 0.0189251
8 62 0.0186861
8 63 0.0184284
8 64 0.0181521
8 65 0.0178576
8 66 0.017545
8 67 0.0172148
8 68 0.0168673
8 69 0.0165027
8 70 0.0161216
8 71 0.0157242
8 72 0.015311
8 73 0.0148824
8 74 0.0144387
8 75 0.0139806
8 76 0.0135083
8 77 0.0130225
8 78 0.0125236
8 79 0.012012
8 80 0.0114883
8 81 0.0109531
8 82 0.0104068
8 83 0.0098501
8 84 0.00928344
8 85 0.00870744
8 86 0.00812266
8 87 0.00752971
8 88 0.00692917
8 89 0.00632165
8 90 0.00570777
8 91 0.00508815
8 92 0.00446339
8 93 0.00383415
8 94 0.00320104
8 95 0.00256471
8 96 0.00192579
8 97 0.00128494
8 98 0.000642794
8 99 0
9 0 0
9 1 0.000721029
9 2 0.00144133
9 3 0.00216018
9 4 0.00287686
9 5 0.00359064
9 6 0.00430081
9 7 0.00500664
9 8 0.00570744
9 9 0.00640248
9 10 0.00709109
9 11 0.00777255
9 12 0.00844618
9 13 0.00911132
9 14 0.00976728
9 15 0.0104134
9 16 0.011049
9 17 0.0116736
9 18 0.0122863
9 19 0.0128867
9 20 0.0134741
9 21 0.014048
9 22 0.0146077
9 23 0.0151527
9 24 0.0156824
9 25 0.0161964
9 26 0.016694
9 27 0.0171749
9 28 0.0176384
9 29 0.0180842
9 30 0.0185118
9 31 0.0189207
9 32 0.0193106
9 33 0.019681
9 34 0.0200317
9 35 0.0203621
9 36 0.0206721
9 37 0.0209612
9 38 0.0212293
9 39 0.0214759
9 40 0.021701
9 41 0.0219042
9 42 0.0220853
9 43 0.0222442
9 44 0.0223807
9 45 0.0224947
9 46 0.022586
9 47 0.0226545
9 48 0.0227003
9 49 0.0227232
9 50 0.0227232
9 51 0.0227004
9 52 0.0226546
9 53 0.0225861
9 54 0.0224948
9 55 0.0223809
9 56 0.0222445
9 57 0.0220856
9 58 0.0219045
9 59 0.0217014
9 60 0.0214764
9 61 0.0212297
9 62 0.0209617
9 63 0.0206726
9 64 0.0203627
9 65 0.0200323
9 66 0.0196817
9 67 0.0193112
9 68 0.0189214
9 69 0.0185124
9 70 0.0180849
9 71 0.0176391
9 72 0.0171756
9 73 0.0166947
9 74 0.0161971
9 75 0.0156831
9 76 0.0151534
9 77 0.0146084
9 78 0.0140487
9 79 0.0134748
9 80 0.0128874
9 81 0.012287
9 82 0.0116742
9 83 0.0110496
9 84 0.010414
9 85 0.00976782
9 86 0.00911183
9 87 0.00844667
9 88 0.007773
9 89 0.0070915
9 90 0.00640286
9 91 0.00570778
9 92 0.00500694
9 93 0.00430107
9 94 0.00359086
9 95 0.00287704
9 96 0.00216032
9 97 0.00144142
9 98 0.000721074
9 99 0
10 0 0
10 1 0.000798577
10 2 0.00159635
10 3 0.00239252
10 4 0.00318627
10 5 0.00397682
10 6 0.00476337
10 7 0.00554512
10 8 0.00632128
10 9 0.00709109
10 10 0.00785375
10 11 0.0086085
10 12 0.00935459
10 13 0.0100913
10 14 0.0108178
10 15 0.0115334
10 16 0.0122374
10 17 0.0129291
10 18 0.0136077
10 19 0.0142727
10 20 0.0149233
10 21 0.0155589
10 22 0.0161788
10 23 0.0167824
10 24 0.0173691
10 25 0.0179383
10 26 0.0184895
10 27 0.0190221
10 28 0.0195355
10 29 0.0200292
10 30 0.0205028
10 31 0.0209557
10 32 0.0213875
10 33 0.0217978
10 34 0.0221861
10 35 0.0225521
10 36 0.0228954
10 37 0.0232157
10 38 0.0235125
10 39 0.0237857
10 40 0.024035
10 41 0.02426
10 42 0.0244606
10 43 0.0246366
10 44 0.0247878
10 45 0.024914
10 46 0.0250151
10 47 0.0250911
10 48 0.0251418
10 49 0.0251671
10 50 0.0251672
10 51 0.0251418
10 52 0.0250912
10 53 0.0250153
10 54 0.0249142
10 55 0.024788
10 56 0.0246369
10 57 0.024461
10 58 0.0242604
10 59 0.0240354
10 60 0.0237862
10 61 0.023513
10 62 0.0232162
10 63 0.022896
10 64 0.0225527
10 65 0.0221868
10 66 0.0217985
10 67 0.0213882
10 68 0.0209564
10 69 0.0205035
10 70 0.0200299
10 71 0.0195362
10 72 0.0190228
10 73 0.0184903
10 74 0.0179391
10 75 0.0173699
10 76 0.0167832
10 77 0.0161795
10 78 0.0155596
10 79 0.014924
10 80 0.0142734
10 81 0.0136085
10 82 0.0129298
10 83 0.0122381
10 84 0.011534
10 85 0.0108184
10 86 0.0100918
10 87 0.00935513
10 88 0.008609
10 89 0.00785421
10 90 0.00709151
10 91 0.00632166
10 92 0.00554545
10 93 0.00476366
10 94 0.00397707
10 95 0.00318647
10 96 0.00239266
10 97 0.00159645
10 98 0.000798627
10 99 0
11 0 0
11 1 0.000875322
11 2 0.00174976
11 3 0.00262244
11 4 0.00349248
11 5 0.004359
11 6 0.00522113
11 7 0.00607801
11 8 0.00692877
11 9 0.00777255
11 10 0.0086085
11 11 0.00943579
11 12 0.0102536
11 13 0.011061
11 14 0.0118574
11 15 0.0126418
11 16 0.0134134
11 17 0.0141716
11 18 0.0149155
11 19 0.0156443
11 20 0.0163575
11 21 0.0170541
11 22 0.0177336
11 23 0.0183952
11 24 0.0190383
11 25 0.0196622
11 26 0.0202664
11 27 0.0208501
11 28 0.0214128
11 29 0.021954
11 30 0.0224731
11 31 0.0229695
11 32 0.0234429
11 33 0.0238926
11 34 0.0243182
11 35 0.0247194
11 36 0.0250957
11 37 0.0254467
11 38 0.0257721
11 39 0.0260716
11 40 0.0263448
11 41 0.0265914
11 42 0.0268113
11 43 0.0270042
11 44 0.0271699
11 45 0.0273083
11 46 0.0274191
11 47 0.0275024
11 48 0.0275579
11 49 0.0275857
11 50 0.0275857
11 51 0.027558
11 52 0.0275025
11 53 0.0274193
11 54 0.0273085
11 55 0.0271702
11 56 0.0270046
11 57 0.0268117
11 58 0.0265919
11 59 0.0263452
11 60 0.0260721
11 61 0.0257727
11 62 0.0254473
11 63 0.0250963
11 64 0.0247201
11 65 0.024319
11 66 0.0238933
11 67 0.0234436
11 68 0.0229703
11 69 0.0224739
11 70 0.0219548
11 71 0.0214137
11 72 0.020851
11 73 0.0202672
11 74 0.0196631
11 75 0.0190392
11 76 0.0183961
11 77 0.0177344
11 78 0.0170549
11 79 0.0163583
11 80 0.0156451
11 81 0.0149162
11 82 0.0141723
11 83 0.0134141
11 84 0.0126425
11 85 0.011858
11 86 0.0110617
11 87 0.0102542
11 88 0.00943634
11 89 0.00860901
11 90 0.00777301
11 91 0.00692918
11 92 0.00607838
11 93 0.00522145
11 94 0.00435927
11 95 0.00349269
11 96 0.0026226
11 97 0.00174987
11 98 0.000875376
11 99 0
12 0 0
12 1 0.000951185
12 2 0.00190141
12 3 0.00284972
12 4 0.00379517
12 5 0.00473679
12 6 0.00567364
12 7 0.00660478
12 8 0.00752927
12 9 0.00844618
12 10 0.00935459
12 11 0.0102536
12 12 0.0111422
12 13 0.0120197
12 14 0.012885
12 15 0.0137374
12 16 0.0145759
12 17 0.0153998
12 18 0.0162082
12 19 0.0170002
12 20 0.0177751
12 21 0.0185322
12 22 0.0192705
12 23 0.0199895
12 24 0.0206883
12 25 0.0213663
12 26 0.0220228
12 27 0.0226572
12 28 0.0232687
12 29 0.0238568
12 30 0.0244208
12 31 0.0249603
12 32 0.0254746
12 33 0.0259633
12 34 0.0264259
12 35 0.0268618
12 36 0.0272707
12 37 0.0276522
12 38 0.0280058
12 39 0.0283311
12 40 0.028628
12 41 0.0288961
12 42 0.029135
12 43 0.0293446
12 44 0.0295247
12 45 0.029675
12 46 0.0297955
12 47 0.029886
12 48 0.0299463
12 49 0.0299765
12 50 0.0299766
12 51 0.0299464
12 52 0.0298861
12 53 0.0297957
12 54 0.0296753
12 55 0.029525
12 56 0.029345
12 57 0.0291354
12 58 0.0288965
12 59 0.0286285
12 60 0.0283317
12 61 0.0280064
12 62 0.0276528
12 63 0.0272714
12 64 0.0268626
12 65 0.0264266
12 66 0.0259641
12 67 0.0254755
12 68 0.0249611
12 69 0.0244217
12 70 0.0238576
12 71 0.0232696
12 72 0.0226581
12 73 0.0220238
12 74 0.0213673
12 75 0.0206893
12 76 0.0199904
12 77 0.0192714
12 78 0.0185331
12 79 0.017776
12 80 0.0170011
12 81 0.016209
12 82 0.0154006
12 83 0.0145767
12 84 0.0137382
12 85 0.0128858
12 86 0.0120204
12 87 0.0111429
12 88 0.0102542
12 89 0.00935514
12 90 0.00844669
12 91 0.00752972
12 92 0.00660518
12 93 0.00567399
12 94 0.00473708
12 95 0.0037954
12 96 0.0028499
12 97 0.00190153
12 98 0.000951243
12 99 0
13 0 0
13 1 0.00102609
13 2 0.00205115
13 3 0.00307414
13 4 0.00409403
13 5 0.00510981
13 6 0.00612044
13 7 0.00712491
13 8 0.0081222
13 9 0.00911132
13 10 0.0100913
13 11 0.011061
13 12 0.0120197
13 13 0.0129662
13 14 0.0138997
13 15 0.0148192
13 16 0.0157238
13 17 0.0166125
13 18 0.0174846
13 19 0.018339
13 20 0.0191749
13 21 0.0199916
13 22 0.0207881
13 23 0.0215637
13 24 0.0223175
13 25 0.0230489
13 26 0.0237571
13 27 0.0244414
13 28 0.0251011
13 29 0.0257355
13 30 0.0263439
13 31 0.0269259
13 32 0.0274807
13 33 0.0280079
13 34 0.0285069
13 35 0.0289772
13 36 0.0294183
13 37 0.0298297
13 38 0.0302112
13 39 0.0305622
13 40 0.0308825
13 41 0.0311716
13 42 0.0314294
13 43 0.0316555
13 44 0.0318498
13 45 0.0320119
13 46 0.0321419
13 47 0.0322395
13 48 0.0323046
13 49 0.0323372
13 50 0.0323372
13 51 0.0323047
13 52 0.0322396
13 53 0.0321421
13 54 0.0320122
13 55 0.0318501
13 56 0.0316559
13 57 0.0314298
13 58 0.0311721
13 59 0.030883
13 60 0.0305628
13 61 0.0302119
13 62 0.0298305
13 63 0.029419
13 64 0.028978
13 65 0.0285077
13 66 0.0280088
13 67 0.0274816
13 68 0.0269268
13 69 0.0263449
13 70 0.0257364
13 71 0.025102
13 72 0.0244424
13 73 0.0237581
13 74 0.0230499
13 75 0.0223185
13 76 0.0215646
13 77 0.0207891
13 78 0.0199925
13 79 0.0191759
13 80 0.0183399
13 81 0.0174855
13 82 0.0166134
13 83 0.0157246
13 84 0.01482
13 85 0.0139005
13 86 0.012967
13 87 0.0120204
13 88 0.0110617
13 89 0.0100919
13 90 0.00911186
13 91 0.00812269
13 92 0.00712534
13 93 0.00612081
13 94 0.00511012
13 95 0.00409429
13 96 0.00307433
13 97 0.00205127
13 98 0.00102615
13 99 0
14 0 0
14 1 0.00109996
14 2 0.00219882
14 3 0.00329546
14 4 0.00438878
14 5 0.00547768
14 6 0.00656107
14 7 0.00763786
14 8 0.00870695
14 9 0.00976728
14 10 0.0108178
14 11 0.0118574
14 12 0.012885
14 13 0.0138997
14 14 0.0149004
14 15 0.0158861
14 16 0.0168558
14 17 0.0178085
14 18 0.0187433
14 19 0.0196593
14 20 0.0205554
14 21 0.0214308
14 22 0.0222847
14 23 0.0231161
14 24 0.0239243
14 25 0.0247083
14 26 0.0254675
14 27 0.026201
14 28 0.0269082
14 29 0.0275883
14 30 0.0282405
14 31 0.0288644
14 32 0.0294592
14 33 0.0300243
14 34 0.0305592
14 35 0.0310634
14 36 0.0315362
14 37 0.0319773
14 38 0.0323862
14 39 0.0327625
14 40 0.0331058
14 41 0.0334158
14 42 0.0336921
14 43 0.0339345
14 44 0.0341427
14 45 0.0343166
14 46 0.0344559
14 47 0.0345605
14 48 0.0346303
14 49 0.0346653
14 50 0.0346653
14 51 0.0346304
14 52 0.0345607
14 53 0.0344561
14 54 0.0343169
14 55 0.0341431
14 56 0.0339349
14 57 0.0336926
14 58 0.0334163
14 59 0.0331064
14 60 0.0327632
14 61 0.0323869
14 62 0.0319781
14 63 0.031537
14 64 0.0310642
14 65 0.0305601
14 66 0.0300253
14 67 0.0294602
14 68 0.0288654
14 69 0.0282416
14 70 0.0275893
14 71 0.0269092
14 72 0.0262021
14 73 0.0254686
14 74 0.0247094
14 75 0.0239253
14 76 0.0231172
14 77 0.0222857
14 78 0.0214319
14 79 0.0205564
14 80 0.0196603
14 81 0.0187443
14 82 0.0178095
14 83 0.0168567
14 84 0.015887
14 85 0.0149013
14 86 0.0139005
14 87 0.0128858
14 88 0.0118581
14 89 0.0108184
14 90 0.00976786
14 91 0.00870747
14 92 0.00763832
14 93 0.00656147
14 94 0.00547802
14 95 0.00438905
14 96 0.00329566
14 97 0.00219895
14 98 0.00110003
14 99 0
15 0 0
15 1 0.00117273
15 2 0.00234427
15 3 0.00351346
15 4 0.00467911
15 5 0.00584004
15 6 0.0069951
15 7 0.00814312
15 8 0.00928293
15 9 0.0104134
15 10 0.0115334
15 11 0.0126418
15 12 0.0137374
15 13 0.0148192
15 14 0.0158861
15 15 0.016937
15 16 0.0179709
15 17 0.0189866
15 18 0.0199832
15 19 0.0209598
15 20 0.0219152
15 21 0.0228485
15 22 0.0237589
15 23 0.0246453
15 24 0.0255069
15 25 0.0263428
15 26 0.0271522
15 27 0.0279343
15 28 0.0286882
15 29 0.0294133
15 30 0.0301087
15 31 0.0307738
15 32 0.031408
15 33 0.0320105
15 34 0.0325808
15 35 0.0331183
15 36 0.0336224
15 37 0.0340927
15 38 0.0345286
15 39 0.0349298
15 40 0.0352958
15 41 0.0356263
15 42 0.0359209
15 43 0.0361793
15 44 0.0364014
15 45 0.0365867
15 46 0.0367352
15 47 0.0368468
15 48 0.0369212
15 49 0.0369584
15 50 0.0369585
15 51 0.0369213
15 52 0.0368469
15 53 0.0367355
15 54 0.036587
15 55 0.0364017
15 56 0.0361798
15 57 0.0359214
15 58 0.0356269
15 59 0.0352965
15 60 0.0349305
15 61 0.0345294
15 62 0.0340935
15 63 0.0336233
15 64 0.0331192
15 65 0.0325817
15 66 0.0320115
15 67 0.031409
15 68 0.0307749
15 69 0.0301098
15 70 0.0294144
15 71 0.0286893
15 72 0.0279354
15 73 0.0271534
15 74 0.026344
15 75 0.025508
15 76 0.0246464
15 77 0.02376
15 78 0.0228496
15 79 0.0219163
15 80 0.0209608
15 81 0.0199843
15 82 0.0189876
15 83 0.0179718
15 84 0.0169379
15 85 0.015887
15 86 0.0148201
15 87 0.0137382
15 88 0.0126425
15 89 0.0115341
15 90 0.010414
15 91 0.00928349
15 92 0.00814361
15 93 0.00699553
15 94 0.0058404
15 95 0.00467939
15 96 0.00351367
15 97 0.00234442
15 98 0.0011728
15 99 0
16 0 0
16 1 0.00124431
16 2 0.00248737
16 3 0.00372792
16 4 0.00496472
16 5 0.00619652
16 6 0.00742209
16 7 0.00864018
16 8 0.00984957
16 9 0.011049
16 10 0.0122374
16 11 0.0134134
16 12 0.0145759
16 13 0.0157238
16 14 0.0168558
16 15 0.0179709
16 16 0.0190678
16 17 0.0201456
16 18 0.021203
16 19 0.0222392
16 20 0.0232529
16 21 0.0242432
16 22 0.0252091
16 23 0.0261496
16 24 0.0270639
16 25 0.0279508
16 26 0.0288096
16 27 0.0296394
16 28 0.0304394
16 29 0.0312087
16 30 0.0319466
16 31 0.0326523
16 32 0.0333251
16 33 0.0339644
16 34 0.0345695
16 35 0.0351398
16 36 0.0356747
16 37 0.0361737
16 38 0.0366363
16 39 0.0370619
16 40 0.0374503
16 41 0.037801
16 42 0.0381135
16 43 0.0383878
16 44 0.0386233
16 45 0.03882
16 46 0.0389776
16 47 0.0390959
16 48 0.0391749
16 49 0.0392144
16 50 0.0392144
16 51 0.039175
16 52 0.0390961
16 53 0.0389778
16 54 0.0388203
16 55 0.0386237
16 56 0.0383882
16 57 0.0381141
16 58 0.0378016
16 59 0.037451
16 60 0.0370627
16 61 0.0366371
16 62 0.0361746
16 63 0.0356756
16 64 0.0351408
16 65 0.0345705
16 66 0.0339655
16 67 0.0333262
16 68 0.0326534
16 69 0.0319477
16 70 0.0312099
16 71 0.0304406
16 72 0.0296406
16 73 0.0288108
16 74 0.027952
16 75 0.0270651
16 76 0.0261509
16 77 0.0252103
16 78 0.0242444
16 79 0.023254
16 80 0.0222403
16 81 0.0212041
16 82 0.0201466
16 83 0.0190688
16 84 0.0179718
16 85 0.0168568
16 86 0.0157247
16 87 0.0145768
16 88 0.0134142
16 89 0.0122381
16 90 0.0110497
16 91 0.00985016
16 92 0.0086407
16 93 0.00742254
16 94 0.0061969
16 95 0.00496503
16 96 0.00372815
16 97 0.00248752
16 98 0.00124439
16 99 0
17 0 0
17 1 0.00131464
17 2 0.00262796
17 3 0.00393863
17 4 0.00524534
17 5 0.00654677
17 6 0.0078416
17 7 0.00912854
17 8 0.0104063
17 9 0.0116736
17 10 0.0129291
17 11 0.0141716
17 12 0.0153998
17 13 0.0166125
17 14 0.0178085
17 15 0.0189866
17 16 0.0201456
17 17 0.0212842
17 18 0.0224015
17 19 0.0234962
17 20 0.0245672
17 21 0.0256135
17 22 0.026634
17 23 0.0276277
17 24 0.0285936
17 25 0.0295306
17 26 0.030438
17 27 0.0313147
17 28 0.0321599
17 29 0.0329727
17 30 0.0337523
17 31 0.0344979
17 32 0.0352088
17 33 0.0358842
17 34 0.0365235
17 35 0.037126
17 36 0.0376911
17 37 0.0382183
17 38 0.038707
17 39 0.0391568
17 40 0.0395671
17 41 0.0399376
17 42 0.0402678
17 43 0.0405575
17 44 0.0408064
17 45 0.0410142
17 46 0.0411807
17 47 0.0413057
17 48 0.0413891
17 49 0.0414309
17 50 0.0414309
17 51 0.0413892
17 52 0.0413059
17 53 0.041181
17 54 0.0410145
17 55 0.0408068
17 56 0.040558
17 57 0.0402684
17 58 0.0399382
17 59 0.0395678
17 60 0.0391576
17 61 0.0387079
17 62 0.0382192
17 63 0.0376921
17 64 0.037127
17 65 0.0365245
17 66 0.0358853
17 67 0.0352099
17 68 0.0344991
17 69 0.0337535
17 70 0.0329739
17 71 0.0321611
17 72 0.031316
17 73 0.0304393
17 74 0.0295319
17 75 0.0285948
17 76 0.027629
17 77 0.0266353
17 78 0.0256147
17 79 0.0245684
17 80 0.0234974
17 81 0.0224026
17 82 0.0212854
17 83 0.0201467
17 84 0.0189877
17 85 0.0178095
17 86 0.0166135
17 87 0.0154007
17 88 0.0141724
17 89 0.0129298
17 90 0.0116743
17 91 0.0104069
17 92 0.00912909
17 93 0.00784208
17 94 0.00654716
17 95 0.00524566
17 96 0.00393888
17 97 0.00262812
17 98 0.00131472
17 99 0
18 0 0
18 1 0.00138365
18 2 0.00276591
18 3 0.00414538
18 4 0.00552068
18 5 0.00689042
18 6 0.00825322
18 7 0.00960771
18 8 0.0109525
18 9 0.0122863
18 10 0.0136077
18 11 0.0149155
18 12 0.0162082
18 13 0.0174846
18 14 0.0187433
18 15 0.0199832
18 16 0.021203
18 17 0.0224015
18 18 0.0235774
18 19 0.0247295
18 20 0.0258568
18 21 0.026958
18 22 0.0280321
18 23 0.0290779
18 24 0.0300945
18 25 0.0310808
18 26 0.0320357
18 27 0.0329585
18 28 0.033848
18 29 0.0347035
18 30 0.035524
18 31 0.0363087
18 32 0.0370569
18 33 0.0377678
18 34 0.0384406
18 35 0.0390748
18 36 0.0396696
18 37 0.0402245
18 38 0.0407388
18 39 0.0412122
18 40 0.041644
18 41 0.0420339
18 42 0.0423815
18 43 0.0426864
18 44 0.0429484
18 45 0.0431671
18 46 0.0433423
18 47 0.0434739
18 48 0.0435617
18 49 0.0436057
18 50 0.0436057
18 51 0.0435618
18 52 0.0434741
18 53 0.0433426
18 54 0.0431675
18 55 0.0429488
18 56 0.042687
18 57 0.0423821
18 58 0.0420346
18 59 0.0416448
18 60 0.041213
18 61 0.0407397
18 62 0.0402254
18 63 0.0396706
18 64 0.0390759
18 65 0.0384418
18 66 0.037769
18 67 0.0370581
18 68 0.03631
18 69 0.0355252
18 70 0.0347048
18 71 0.0338493
18 72 0.0329598
18 73 0.0320371
18 74 0.0310821
18 75 0.0300958
18 76 0.0290792
18 77 0.0280334
18 78 0.0269593
18 79 0.025858
18 80 0.0247308
18 81 0.0235786
18 82 0.0224027
18 83 0.0212042
18 84 0.0199843
18 85 0.0187444
18 86 0.0174855
18 87 0.0162091
18 88 0.0149163
18 89 0.0136085
18 90 0.012287
18 91 0.0109532
18 92 0.00960829
18 93 0.00825372
18 94 0.00689084
18 95 0.00552101
18 96 0.00414563
18 97 0.00276608
18 98 0.00138373
18 99 0
19 0 0
19 1 0.00145126
19 2 0.00290107
19 3 0.00434795
19 4 0.00579045
19 5 0.00722713
19 6 0.00865653
19 7 0.0100772
19 8 0.0114877
19 9 0.0128867
19 10 0.0142727
19 11 0.0156443
19 12 0.0170002
19 13 0.018339
19 14 0.0196593
19 15 0.0209598
19 16 0.0222392
19 17 0.0234962
19 18 0.0247295
19 19 0.025938
19 20 0.0271203
19 21 0.0282753
19 22 0.0294019
19 23 0.0304988
19 24 0.0315651
19 25 0.0325996
19 26 0.0336012
19 27 0.034569
19 28 0.035502
19 29 0.0363993
19 30 0.0372599
19 31 0.038083
19 32 0.0388678
19 33 0.0396134
19 34 0.0403191
19 35 0.0409843
19 36 0.0416081
19 37 0.0421901
19 38 0.0427296
19 39 0.0432261
19 40 0.043679
19 41 0.044088
19 42 0.0444526
19 43 0.0447724
19 44 0.0450471
19 45 0.0452765
19 46 0.0454603
19 47 0.0455983
19 48 0.0456904
19 49 0.0457365
19 50 0.0457366
19 51 0.0456906
19 52 0.0455985
19 53 0.0454606
19 54 0.0452769
19 55 0.0450476
19 56 0.044773
19 57 0.0444532
19 58 0.0440887
19 59 0.0436798
19 60 0.0432269
19 61 0.0427305
19 62 0.0421911
19 63 0.0416092
19 64 0.0409854
19 65 0.0403203
19 66 0.0396146
19 67 0.038869
19 68 0.0380843
19 69 0.0372612
19 70 0.0364007
19 71 0.0355034
19 72 0.0345704
19 73 0.0336026
19 74 0.032601
19 75 0.0315665
19 76 0.0305003
19 77 0.0294033
19 78 0.0282767
19 79 0.0271216
19 80 0.0259393
19 81 0.0247308
19 82 0.0234974
19 83 0.0222404
19 84 0.0209609
19 85 0.0196604
19 86 0.01834
19 87 0.0170012
19 88 0.0156452
19 89 0.0142735
19 90 0.0128875
19 91 0.0114884
19 92 0.0100778
19 93 0.00865705
19 94 0.00722757
19 95 0.00579081
19 96 0.00434822
19 97 0.00290125
19 98 0.00145135
19 99 0
20 0 0
20 1 0.00151742
20 2 0.00303331
20 3 0.00454614
20 4 0.0060544
20 5 0.00755656
20 6 0.00905112
20 7 0.0105366
20 8 0.0120114
20 9 0.0134741
20 10 0.0149233
20 11 0.0163575
20 12 0.0177751
20 13 0.0191749
20 14 0.0205554
20 15 0.0219152
20 16 0.0232529
20 17 0.0245672
20 18 0.0258568
20 19 0.0271203
20 20 0.0283565
20 21 0.0295642
20 22 0.0307421
20 23 0.0318891
20 24 0.0330039
20 25 0.0340856
20 26 0.0351329
20 27 0.0361448
20 28 0.0371203
20 29 0.0380585
20 30 0.0389583
20 31 0.039819
20 32 0.0406395
20 33 0.0414191
20 34 0.042157
20 35 0.0428524
20 36 0.0435048
20 37 0.0441133
20 38 0.0446774
20 39 0.0451965
20 40 0.0456701
20 41 0.0460977
20 42 0.0464789
20 43 0.0468133
20 44 0.0471005
20 45 0.0473404
20 46 0.0475325
20 47 0.0476768
20 48 0.0477731
20 49 0.0478213
20 50 0.0478214
20 51 0.0477733
20 52 0.0476771
20 53 0.0475329
20 54 0.0473408
20 55 0.047101
20 56 0.0468139
20 57 0.0464795
20 58 0.0460984
20 59 0.0456709
20 60 0.0451974
20 61 0.0446783
20 62 0.0441143
20 63 0.0435059
20 64 0.0428536
20 65 0.0421582
20 66 0.0414204
20 67 0.0406408
20 68 0.0398203
20 69 0.0389597
20 70 0.0380599
20 71 0.0371218
20 72 0.0361463
20 73 0.0351343
20 74 0.034087
20 75 0.0330054
20 76 0.0318906
20 77 0.0307436
20 78 0.0295656
20 79 0.0283579
20 80 0.0271217
20 81 0.0258581
20 82 0.0245685
20 83 0.0232541
20 84 0.0219164
20 85 0.0205565
20 86 0.019176
20 87 0.0177762
20 88 0.0163584
20 89 0.0149242
20 90 0.0134749
20 91 0.0120121
20 92 0.0105372
20 93 0.00905167
20 94 0.00755702
20 95 0.00605477
20 96 0.00454642
20 97 0.00303349
20 98 0.00151751
20 99 0
21 0 0
21 1 0.00158204
21 2 0.00316249
21 3 0.00473976
21 4 0.00631225
21 5 0.00787839
21 6 0.0094366
21 7 0.0109853
21 8 0.0125229
21 9 0.014048
21 10 0.0155589
21 11 0.0170541
21 12 0.0185322
21 13 0.0199916
21 14 0.0214308
21 15 0.0228485
21 16 0.0242432
21 17 0.0256135
21 18 0.026958
21 19 0.0282753
21 20 0.0295642
21 21 0.0308233
21 22 0.0320514
21 23 0.0332472
21 24 0.0344095
21 25 0.0355372
21 26 0.0366291
21 27 0.0376842
21 28 0.0387013
21 29 0.0396794
21 30 0.0406175
21 31 0.0415148
21 32 0.0423703
21 33 0.0431831
21 34 0.0439524
21 35 0.0446775
21 36 0.0453576
21 37 0.045992
21 38 0.0465801
21 39 0.0471213
21 40 0.0476151
21 41 0.0480609
21 42 0.0484584
21 43 0.048807
21 44 0.0491065
21 45 0.0493565
21 46 0.0495569
21 47 0.0497074
21 48 0.0498078
21 49 0.049858
21 50 0.0498581
21 51 0.0498079
21 52 0.0497076
21 53 0.0495572
21 54 0.049357
21 55 0.049107
21 56 0.0488076
21 57 0.0484591
21 58 0.0480617
21 59 0.047616
21 60 0.0471223
21 61 0.0465811
21 62 0.0459931
21 63 0.0453588
21 64 0.0446787
21 65 0.0439537
21 66 0.0431844
21 67 0.0423717
21 68 0.0415162
21 69 0.040619
21 70 0.0396809
21 71 0.0387028
21 72 0.0376857
21 73 0.0366307
21 74 0.0355388
21 75 0.0344111
21 76 0.0332487
21 77 0.0320529
21 78 0.0308248
21 79 0.0295657
21 80 0.0282768
21 81 0.0269594
21 82 0.0256148
21 83 0.0242445
21 84 0.0228498
21 85 0.021432
21 86 0.0199927
21 87 0.0185332
21 88 0.0170551
21 89 0.0155598
21 90 0.0140488
21 91 0.0125237
21 92 0.010986
21 93 0.00943717
21 94 0.00787887
21 95 0.00631264
21 96 0.00474005
21 97 0.00316269
21 98 0.00158214
21 99 0
22 0 0
22 1 0.00164508
22 2 0.00328849
22 3 0.0049286
22 4 0.00656375
22 5 0.00819229
22 6 0.00981257
22 7 0.011423
22 8 0.0130219
22 9 0.0146077
22 10 0.0161788
22 11 0.0177336
22 12 0.0192705
22 13 0.0207881
22 14 0.0222847
22 15 0.0237589
22 16 0.0252091
22 17 0.026634
22 18 0.0280321
22 19 0.0294019
22 20 0.0307421
22 21 0.0320514
22 22 0.0333284
22 23 0.0345719
22 24 0.0357805
22 25 0.0369531
22 26 0.0380885
22 27 0.0391856
22 28 0.0402432
22 29 0.0412603
22 30 0.0422358
22 31 0.0431689
22 32 0.0440584
22 33 0.0449036
22 34 0.0457036
22 35 0.0464576
22 36 0.0471647
22 37 0.0478244
22 38 0.048436
22 39 0.0489988
22 40 0.0495122
22 41 0.0499758
22 42 0.0503891
22 43 0.0507516
22 44 0.051063
22 45 0.051323
22 46 0.0515314
22 47 0.0516878
22 48 0.0517922
22 49 0.0518445
22 50 0.0518445
22 51 0.0517924
22 52 0.0516881
22 53 0.0515317
22 54 0.0513235
22 55 0.0510636
22 56 0.0507522
22 57 0.0503898
22 58 0.0499766
22 59 0.0495131
22 60 0.0489998
22 61 0.0484371
22 62 0.0478256
22 63 0.047166
22 64 0.0464588
22 65 0.0457049
22 66 0.044905
22 67 0.0440599
22 68 0.0431703
22 69 0.0422374
22 70 0.0412618
22 71 0.0402448
22 72 0.0391872
22 73 0.0380901
22 74 0.0369547
22 75 0.0357821
22 76 0.0345735
22 77 0.03333
22 78 0.032053
22 79 0.0307437
22 80 0.0294034
22 81 0.0280335
22 82 0.0266354
22 83 0.0252105
22 84 0.0237602
22 85 0.0222859
22 86 0.0207892
22 87 0.0192716
22 88 0.0177346
22 89 0.0161797
22 90 0.0146086
22 91 0.0130227
22 92 0.0114237
22 93 0.00981317
22 94 0.00819278
22 95 0.00656415
22 96 0.00492891
22 97 0.0032887
22 98 0.00164518
22 99 0
23 0 0
23 1 0.00170645
23 2 0.00341118
23 3 0.00511248
23 4 0.00680864
23 5 0.00849793
23 6 0.0101787
23 7 0.0118492
23 8 0.0135077
23 9 0.0151527
23 10 0.0167824
23 11 0.0183952
23 12 0.0199895
23 13 0.0215637
23 14 0.0231161
23 15 0.0246453
23 16 0.0261496
23 17 0.0276277
23 18 0.0290779
23 19 0.0304988
23 20 0.0318891
23 21 0.0332472
23 22 0.0345719
23 23 0.0358617
23 24 0.0371154
23 25 0.0383318
23 26 0.0395096
23 27 0.0406476
23 28 0.0417446
23 29 0.0427997
23 30 0.0438116
23 31 0.0447795
23 32 0.0457022
23 33 0.0465789
23 34 0.0474088
23 35 0.0481908
23 36 0.0489244
23 37 0.0496087
23 38 0.0502431
23 39 0.0508269
23 40 0.0513595
23 41 0.0518403
23 42 0.052269
23 43 0.0526451
23 44 0.0529681
23 45 0.0532378
23 46 0.053454
23 47 0.0536162
23 48 0.0537245
23 49 0.0537787
23 50 0.0537788
23 51 0.0537247
23 52 0.0536165
23 53 0.0534543
23 54 0.0532383
23 55 0.0529687
23 56 0.0526458
23 57 0.0522698
23 58 0.0518412
23 59 0.0513604
23 60 0.0508279
23 61 0.0502442
23 62 0.0496099
23 63 0.0489257
23 64 0.0481922
23 65 0.0474101
23 66 0.0465804
23 67 0.0457037
23 68 0.044781
23 69 0.0438132
23 70 0.0428013
23 71 0.0417463
23 72 0.0406492
23 73 0.0395112
23 74 0.0383335
23 75 0.0371171
23 76 0.0358634
23 77 0.0345735
23 78 0.0332488
23 79 0.0318907
23 80 0.0305004
23 81 0.0290794
23 82 0.0276291
23 83 0.0261511
23 84 0.0246466
23 85 0.0231174
23 86 0.0215649
23 87 0.0199906
23 88 0.0183963
23 89 0.0167834
23 90 0.0151536
23 91 0.0135085
23 92 0.0118499
23 93 0.0101793
23 94 0.00849845
23 95 0.00680905
23 96 0.0051128
23 97 0.0034114
23 98 0.00170656
23 99 0
24 0 0
24 1 0.00176611
24 2 0.00353044
24 3 0.00529122
24 4 0.00704667
24 5 0.00879502
24 6 0.0105345
24 7 0.0122634
24 8 0.01398
24 9 0.0156824
24 10 0.0173691
24 11 0.0190383
24 12 0.0206883
24 13 0.0223175
24 14 0.0239243
24 15 0.0255069
24 16 0.0270639
24 17 0.0285936
24 18 0.0300945
24 19 0.0315651
24 20 0.0330039
24 21 0.0344095
24 22 0.0357805
24 23 0.0371154
24 24 0.038413
24 25 0.0396719
24 26 0.0408909
24 27 0.0420686
24 28 0.0432041
24 29 0.044296
24 30 0.0453433
24 31 0.046345
24 32 0.0473
24 33 0.0482073
24 34 0.0490662
24 35 0.0498756
24 36 0.0506348
24 37 0.0513431
24 38 0.0519996
24 39 0.0526038
24 40 0.053155
24 41 0.0536527
24 42 0.0540964
24 43 0.0544856
24 44 0.0548199
24 45 0.0550991
24 46 0.0553227
24 47 0.0554907
24 48 0.0556028
24 49 0.0556589
24 50 0.0556589
24 51 0.0556029
24 52 0.055491
24 53 0.0553231
24 54 0.0550995
24 55 0.0548205
24 56 0.0544863
24 57 0.0540972
24 58 0.0536536
24 59 0.053156
24 60 0.0526049
24 61 0.0520008
24 62 0.0513443
24 63 0.0506361
24 64 0.049877
24 65 0.0490676
24 66 0.0482088
24 67 0.0473015
24 68 0.0463465
24 69 0.0453449
24 70 0.0442976
24 71 0.0432057
24 72 0.0420703
24 73 0.0408926
24 74 0.0396736
24 75 0.0384147
24 76 0.0371172
24 77 0.0357822
24 78 0.0344112
24 79 0.0330056
24 80 0.0315667
24 81 0.030096
24 82 0.0285951
24 83 0.0270653
24 84 0.0255083
24 85 0.0239256
24 86 0.0223188
24 87 0.0206895
24 88 0.0190394
24 89 0.0173701
24 90 0.0156834
24 91 0.0139808
24 92 0.0122642
24 93 0.0105352
24 94 0.00879556
24 95 0.0070471
24 96 0.00529154
24 97 0.00353066
24 98 0.00176622
24 99 0
25 0 0
25 1 0.00182399
25 2 0.00364614
25 3 0.00546462
25 4 0.0072776
25 5 0.00908326
25 6 0.0108798
25 7 0.0126653
25 8 0.0144381
25 9 0.0161964
25 10 0.0179383
25 11 0.0196622
25 12 0.0213663
25 13 0.0230489
25 14 0.0247083
25 15 0.0263428
25 16 0.0279508
25 17 0.0295306
25 18 0.0310808
25 19 0.0325996
25 20 0.0340856
25 21 0.0355372
25 22 0.0369531
25 23 0.0383318
25 24 0.0396719
25 25 0.0409721
25 26 0.042231
25 27 0.0434473
25 28 0.04462
25 29 0.0457477
25 30 0.0468293
25 31 0.0478638
25 32 0.0488501
25 33 0.0497872
25 34 0.0506742
25 35 0.0515102
25 36 0.0522943
25 37 0.0530257
25 38 0.0537038
25 39 0.0543278
25 40 0.054897
25 41 0.055411
25 42 0.0558692
25 43 0.0562712
25 44 0.0566165
25 45 0.0569048
25 46 0.0571358
25 47 0.0573093
25 48 0.057425
25 49 0.057483
25 50 0.057483
25 51 0.0574252
25 52 0.0573095
25 53 0.0571362
25 54 0.0569053
25 55 0.0566171
25 56 0.0562719
25 57 0.0558701
25 58 0.0554119
25 59 0.054898
25 60 0.0543288
25 61 0.053705
25 62 0.053027
25 63 0.0522956
25 64 0.0515116
25 65 0.0506757
25 66 0.0497888
25 67 0.0488517
25 68 0.0478654
25 69 0.046831
25 70 0.0457494
25 71 0.0446217
25 72 0.0434491
25 73 0.0422327
25 74 0.0409738
25 75 0.0396737
25 76 0.0383336
25 77 0.0369549
25 78 0.035539
25 79 0.0340873
25 80 0.0326012
25 81 0.0310824
25 82 0.0295322
25 83 0.0279523
25 84 0.0263443
25 85 0.0247097
25 86 0.0230502
25 87 0.0213676
25 88 0.0196634
25 89 0.0179394
25 90 0.0161973
25 91 0.014439
25 92 0.0126661
25 93 0.0108804
25 94 0.00908381
25 95 0.00727805
25 96 0.00546496
25 97 0.00364637
25 98 0.0018241
25 99 0
26 0 0
26 1 0.00188003
26 2 0.00375817
26 3 0.00563253
26 4 0.00750121
26 5 0.00936235
26 6 0.0112141
